1.609429
1.609429
1.609426
1.609418
1.609396
1.609371
1.609283
1.609232
1.608952
1.608759
1.608003
1.607420
1.605754
1.603608
1.598487
1.596247
1.586353
1.575300
1.572751
1.532179
1.511868
1.478035
1.432064
1.376171
1.285703
1.245850
1.152130
1.116991
0.972947
0.999424
0.976571
0.904554
0.927526
0.803949
0.905216
0.666853
0.730206
0.635590
0.595834
0.788595
0.625529
0.669295
0.618902
0.715066
0.588243
0.646101
0.598302
0.620591
0.630159
0.532448
0.529102
0.455926
0.472799
0.566054
0.457024
0.481630
0.492827
0.409053
0.387908
0.518506
0.430120
0.411803
0.580081
0.492138
0.527998
0.567672
0.412386
0.535928
0.369143
0.399365
0.563454
0.499721
0.480142
0.410887
0.472231
0.502127
0.485184
0.528939
0.473671
0.557097
0.488742
0.359301
0.552168
0.496553
0.428889
0.448707
0.484940
0.436254
0.439179
0.469750
0.517549
0.449108
0.412480
0.400396
0.383641
0.474742
0.406904
0.373979
0.432794
0.333224
0.396197
0.418512
0.477614
0.446043
0.368821
0.540649
0.420501
0.434226
0.352948
0.430676
0.382510
0.480744
0.461842
0.366402
0.440303
0.381722
0.366750
0.454771
0.476185
0.511666
0.351226
0.433927
0.441675
0.351420
0.488014
0.334024
0.544388
0.439991
0.466024
0.357087
0.471748
0.407131
0.522406
0.481014
0.551444
0.562316
0.565972
0.483385
0.514613
0.468660
0.498379
0.491909
0.388967
0.369483
0.442570
0.527985
0.418239
0.502613
0.449511
0.454395
0.445228
0.451464
0.472508
0.423046
0.431010
0.348774
0.368205
0.342334
0.442238
0.438366
0.432253
0.450789
0.396833
0.381055
0.427500
0.438528
0.422247
0.412527
0.358059
0.393354
0.487824
0.431931
0.372989
0.301607
0.422978
0.335933
0.460491
0.402148
0.442533
0.402712
0.428791
0.388559
0.447802
0.345892
0.364238
0.436025
0.448983
0.368327
0.331824
0.302908
0.371749
0.362763
0.377831
0.396497
0.342920
0.353635
0.323336
0.434964
0.339690
0.388940
0.351815
0.361537
0.384011
0.324787
0.238788
0.252043
0.305749
0.341923
0.328661
0.349616
0.298453
0.397900
0.339012
0.310711
0.323859
0.374209
0.355302
0.267270
0.283064
0.434596
0.313395
0.300035
0.274319
0.366672
0.387185
0.369647
0.337904
0.373798
0.390684
0.357810
0.283903
0.378954
0.386482
0.290523
0.284516
0.291709
0.313234
0.287435
0.340625
0.340239
0.337145
0.276083
0.305341
0.393620
0.228195
0.324621
0.278891
0.300702
0.287065
0.345009
0.245100
0.260543
0.259740
0.312025
0.226301
0.303059
0.338379
0.396932
0.346099
0.331954
0.272183
0.282399
0.289916
0.310678
0.285513
0.286560
0.323381
0.376820
0.314665
0.248817
0.212285
0.315076
0.313088
0.322954
0.343975
0.271027
0.215650
0.286964
0.344900
0.251740
0.331813
0.321479
0.311086
0.363071
0.330075
0.349968
0.298244
0.384464
0.301696
0.334976
0.280269
0.342702
0.372923
0.269680
0.402010
0.248975
0.309532
0.264975
0.329785
0.369534
0.296921
0.306840
0.362502
0.303172
0.294273
0.336204
0.396760
0.278954
0.248826
0.332129
0.301902
0.343871
0.315124
0.301197
0.312322
0.357445
0.371328
0.316031
0.405741
0.314498
0.294520
0.390607
0.366787
0.351994
0.333084
0.310553
0.288218
0.326486
0.319641
0.297103
0.379797
0.300804
0.383305
0.373720
0.309357
0.312207
0.312913
0.363208
0.368472
0.378980
0.297282
0.386936
0.335946
0.398586
0.335814
0.335963
0.375653
0.408069
0.312898
0.362687
0.277468
0.284929
0.262722
0.387917
0.383158
0.404723
0.326640
0.287868
0.331429
0.308684
0.317952
0.295549
0.287611
0.356520
0.419414
0.372715
0.307506
0.404948
0.305078
0.262543
0.324533
0.390103
0.297051
0.372842
0.330281
0.369242
0.361587
0.348384
0.274340
0.269655
0.358001
0.312006
0.378688
0.394526
0.370479
0.362127
0.369376
0.363984
0.328868
0.311454
0.274270
0.406163
0.325097
0.369066
0.413844
0.354165
0.321674
0.291824
0.284061
0.307610
0.333508
0.349885
0.356863
0.360488
0.336959
0.302966
0.325854
0.426518
0.416676
0.376684
0.356240
0.378821
0.368116
0.439627
0.386010
0.410198
0.328044
0.387956
0.334454
0.293399
0.418105
0.380378
0.375668
0.365133
0.341216
0.410639
0.422822
0.359555
0.417830
0.411893
0.347645
0.346939
0.368558
0.374777
0.393267
0.291694
0.388396
0.397763
0.296020
0.377869
0.272411
0.362713
0.334654
0.361900
0.351992
0.386933
0.354169
0.348318
0.393784
0.337930
0.343525
0.339686
0.388914
0.376082
0.324766
0.319883
0.357727
0.361397
0.361696
0.390464
0.467913
0.367952
0.392139
0.301495
0.290333
0.372985
0.422137
0.461205
0.380774
0.340972
0.348797
0.342962
0.423557
0.341111
0.425971
0.415453
0.305248
0.341784
0.377157
0.346797
0.371398
0.289635
0.399556
0.474490
0.426971
0.360633
0.393083
0.338018
0.366363
0.352008
0.385955
0.461121
0.338960
0.416273
0.321547
0.363993
0.385080
0.409903
0.415598
0.414640
0.324970
0.348756
0.375578
0.347104
0.443493
0.313796
0.390327
0.386649
0.396899
0.362770
0.374909
0.413142
0.307419
0.357269
0.429076
0.363963
0.409451
0.400061
0.417442
0.366967
0.399514
0.374782
0.418626
0.405395
0.449382
0.450478
0.372456
0.377623
0.329681
0.387075
0.380828
0.387515
0.459002
0.329482
0.317546
0.430020
0.417364
0.342360
0.355044
0.458823
0.407521
0.401845
0.378959
0.384115
0.370680
0.367091
0.459670
0.434006
0.439708
0.412562
0.363072
0.409976
0.361455
0.336637
0.408919
0.342819
0.387471
0.362451
0.362571
0.383265
0.522173
0.461139
0.492994
0.404666
0.383418
0.362650
0.432519
0.510724
0.423075
0.508146
0.375902
0.425421
0.467828
0.358760
0.483147
0.453558
0.438792
0.405466
0.463311
0.397995
0.387177
0.367180
0.451802
0.474429
0.490864
0.474297
0.485545
0.416517
0.484954
0.452913
0.416274
0.396046
0.439545
0.368243
0.395195
0.435407
0.425791
0.416157
0.341088
0.422149
0.443374
0.397350
0.452983
0.412929
0.363557
0.468050
0.408490
0.424352
0.368504
0.396812
0.507116
0.453262
0.380736
0.452484
0.408407
0.398777
0.422077
0.431840
0.503571
0.481029
0.397499
0.468514
0.417877
0.444303
0.409694
0.418866
0.440602
0.436279
0.471793
0.484363
0.429757
0.515653
0.423697
0.495418
0.432448
0.450251
0.514815
0.468762
0.445349
0.511236
0.403173
0.458850
0.468003
0.490917
0.514137
0.453618
0.439735
0.475889
0.445495
0.463854
0.501559
0.474562
0.413036
0.432596
0.478064
0.481980
0.489856
0.412627
0.496408
0.435997
0.437745
0.455600
0.457582
0.456622
0.415957
0.416303
0.440458
0.531167
0.474409
0.458682
0.371964
0.446440
0.454347
0.472226
0.417369
0.472856
0.465612
0.463814
0.504936
0.454724
0.483059
0.440168
0.448305
0.449244
0.453265
0.474511
0.473469
0.438645
0.485449
0.487416
0.405184
0.455965
0.499732
0.431056
0.455695
0.464989
0.411485
0.392055
0.517935
0.421427
0.445555
0.405065
0.447759
0.429659
0.454230
0.428099
0.505992
0.463270
0.540086
0.432191
0.450067
0.466930
0.508874
0.507905
0.360334
0.410228
0.396220
0.474940
0.503557
0.408511
0.496228
0.425236
0.435400
0.431234
0.582642
0.453643
0.451535
0.447297
0.506103
0.434520
0.440301
0.427853
0.450276
0.392690
0.473338
0.442580
0.431515
0.470855
0.475659
0.445082
0.495624
0.470769
0.451592
0.448521
0.455435
0.486676
0.478689
0.466108
0.395966
0.437790
0.400799
0.423179
0.455104
0.489772
0.471309
0.383545
0.498718
0.437075
0.462506
0.495629
0.485884
0.440415
0.415399
0.424475
0.494017
0.513060
0.410534
0.448327
0.480575
0.383401
0.460718
0.438618
0.368009
0.422695
0.401008
0.409380
0.478545
0.401540
0.444474
0.442007
0.432132
0.484296
0.429158
0.419438
0.485292
0.429521
0.365883
0.434971
0.551393
0.392561
0.460755
0.438379
0.402222
0.428851
0.529761
0.461819
0.350033
0.436854
0.446955
0.497622
0.424694
0.398032
0.413018
0.426191
0.513545
0.450699
0.452318
0.494196
0.452016
0.429253
0.436600
0.425835
0.458041
0.464994
0.443948
0.445351
0.341092
0.454223
0.455545
0.424711
0.416369
0.528173
0.438834
0.455544
0.438972
0.495122
0.507403
0.444356
0.394970
0.439165
0.400709
0.505486
0.488803
0.408495
0.393099
0.399870
0.484982
0.497667
0.472811
0.491039
0.454848
0.351538
0.433031
0.472237
0.425341
0.427642
0.412231
0.370828
0.405567
0.387891
0.416929
0.444028
0.378688
0.415491
0.426426
0.493291
0.387893
0.369628
0.439324
0.441082
0.412438
0.465213
0.481212
0.495186
0.478750
0.391720
0.458562
0.436807
0.412270
0.499912
0.496971
0.444057
0.422039
0.456138
0.453127
0.424849
0.440048
0.451457
0.485284
0.428014
0.441636
0.409729
0.440528
0.443810
0.442106
0.442958
0.483515
0.439745
0.476199
0.468727
0.467695
0.472798
0.501472
0.469302
0.452935
0.440975
0.471827
0.500647
0.533866
0.429509
0.431763
0.485754
0.427801
0.438187
0.444970
0.489372
0.486059
0.370058
0.524017
0.448173
0.456842
0.437118
0.478055
0.482202
0.453066
0.464832
0.437898
0.450458
0.481848
0.474220
0.409842
0.471440
0.496641
0.453142
0.440183
0.486987
0.403265
0.413547
0.483034
0.466177
0.443128
0.483540
0.441926
0.442779
0.497428
0.447164
0.447288
0.455141
0.581428
0.408253
0.457872
0.468614
0.400882
0.403935
0.444040
0.509912
0.451745
0.469676
0.457180
0.538660
0.445436
0.464475
0.471070
0.491214
0.473875
0.395028
0.468345
0.495881
0.464973
0.502558
0.496132
0.537702
0.462824
0.482308
0.458540
0.517451
0.451885
0.484882
0.409140
0.420294
0.439377
0.536807
0.415180
0.430656
0.494937
0.511686
0.400529
0.423745
0.454230
0.473284
0.419498
0.418994
0.448266
0.558751
0.495052
0.458483
0.527861
0.508324
0.425777
0.509173
0.423144
0.532457
0.413791
0.435720
0.448507
0.494001
0.432415
0.468598
0.430891
0.472524
0.526212
0.447077
0.446724
0.432702
0.498821
0.400994
0.447779
0.452555
0.456267
0.500738
0.483902
0.482375
0.439404
0.448766
0.493939
0.457687
0.465315
0.459432
0.418350
0.444670
0.448521
0.461917
0.437427
0.448635
0.432648
0.401906
0.389042
0.499547
0.441731
0.363383
0.416264
0.443566
0.384562
0.429116
0.462165
0.407365
0.396209
0.523019
0.433000
0.457738
0.464990
0.452725
0.475697
0.447247
0.527577
0.501632
0.475168
0.497085
0.512903
0.398971
0.455746
0.446347
0.509802
0.489852
0.491581
0.507753
0.446108
0.560918
0.493627
0.452656
0.534009
0.572890
0.550476
0.459044
0.445080
0.505349
0.520117
0.653455
0.528780
0.495670
0.496265
0.521411
0.507779
0.523140
0.548125
0.521819
0.505211
0.502579
0.514204
0.504563
0.565179
0.548684
0.487113
0.568869
0.531932
0.552583
0.497991
0.507440
0.556027
0.488582
0.544978
0.523016
0.439406
0.541923
0.536261
0.466039
0.479188
0.533403
0.535482
0.510232
0.528206
0.509611
0.502025
0.549488
0.537571
0.583308
0.517440
0.504121
0.522949
0.516276
0.519990
0.549034
0.533987
0.451079
0.492309
0.496337
0.488659
0.492054
0.524675
0.555997
0.527507
0.515078
0.474178
0.542333
0.543384
0.492004
0.481335
0.542508
0.486898
0.391704
0.474604
0.588438
0.534964
0.562214
0.507642
0.438638
0.557081
0.520278
0.460061
0.423904
0.575222
0.544059
0.552197
0.468771
0.489405
0.507104
0.462201
0.449957
0.476195
0.475178
0.431092
0.438998
0.512513
0.441659
0.525026
0.500563
0.488078
0.503800
0.467187
0.473693
0.463501
0.503412
0.474620
0.512843
0.417372
0.414279
0.444677
0.427122
0.435302
0.568525
0.493477
0.446413
0.464384
0.514051
0.517436
0.560866
0.498530
0.537294
0.453760
0.464713
0.514119
0.509674
0.442604
0.493053
0.444761
0.520740
0.478502
0.484983
0.506379
0.566209
0.482230
0.518819
0.432432
0.476506
0.500782
0.519383
0.477523
0.470049
0.505347
0.499145
0.495230
0.405653
0.519712
0.497818
0.521120
0.570893
0.484800
0.537501
0.474417
0.482427
0.529352
0.496499
0.444614
0.534086
0.484492
0.493703
0.493829
0.491062
0.536645
0.537022
0.452252
0.475298
0.463394
0.533029
0.468651
0.442371
0.505319
0.439258
0.583946
0.491820
0.476501
0.560682
0.503207
0.469550
0.507274
0.449675
0.548915
0.530182
0.518438
0.483911
0.502225
0.518864
0.491093
0.458452
0.515593
0.520255
0.498417
0.564199
0.461430
0.526994
0.451050
0.461711
0.419462
0.421983
0.560094
0.476987
0.467504
0.493936
0.464257
0.454893
0.463663
0.498352
0.493473
0.429170
0.505326
0.509847
0.528351
0.516942
0.518513
0.499974
0.459264
0.573178
0.526672
0.494050
0.432980
0.516853
0.457740
0.443629
0.506418
0.464719
0.526253
0.624661
0.614191
0.510089
0.573643
0.479870
0.485070
0.585370
0.434458
0.551892
0.495720
0.439102
0.444849
0.515178
0.488307
0.593945
0.543266
0.513440
0.479174
0.478615
0.545652
0.467737
0.529616
0.470378
0.466330
0.470410
0.462774
0.505037
0.544491
0.440182
0.509427
0.590794
0.480540
0.508253
0.507175
0.484220
0.540918
0.487298
0.496800
0.527128
0.547531
0.528924
0.539859
0.518733
0.475363
0.515799
0.528982
0.458613
0.481511
0.572071
0.535580
0.498943
0.507877
0.561872
0.534524
0.495736
0.560890
0.594661
0.522652
0.508173
0.510913
0.433209
0.510449
0.551920
0.497039
0.517771
0.481933
0.524068
0.541820
0.521980
0.499185
0.554323
0.520436
0.536684
0.504304
0.535072
0.476819
0.509297
0.472384
0.503253
0.419924
0.519826
0.513310
0.482316
0.534301
0.475446
0.469294
0.543063
0.544571
0.495197
0.531313
0.517480
0.546915
0.591904
0.568605
0.505425
0.537689
0.581522
0.529067
0.450097
0.473892
0.514484
0.578164
0.534310
0.498251
0.507525
0.534206
0.539690
0.445509
0.552579
0.458806
0.455741
0.520823
0.518889
0.487475
0.516452
0.461691
0.462762
0.503748
0.523342
0.539625
0.479033
0.529289
0.529518
0.512273
0.526186
0.465727
0.538158
0.519875
0.544825
0.543672
0.565867
0.507409
0.551873
0.508599
0.493451
0.502721
0.484290
0.537633
0.498922
0.477069
0.529025
0.449534
0.560411
0.457346
0.511861
0.611425
0.469982
0.555147
0.537159
0.624737
0.511348
0.550764
0.463260
0.551582
0.495958
0.530434
0.533628
0.507710
0.551477
0.530871
0.453387
0.467030
0.496617
0.490961
0.539452
0.571200
0.535863
0.543734
0.499482
0.603505
0.472351
0.488490
0.482940
0.582288
0.490114
0.476185
0.472469
0.588134
0.452365
0.538462
0.509403
0.514366
0.523179
0.568337
0.525678
0.541286
0.513083
0.513271
0.581427
0.517441
0.533869
0.498270
0.564290
0.518610
0.622906
0.525453
0.551098
0.496516
0.564642
0.544344
0.518204
0.457402
0.630621
0.517289
0.506119
0.609806
0.465445
0.498162
0.502835
0.488454
0.535260
0.582998
0.514650
0.545589
0.535733
0.500428
0.598982
0.573727
0.565922
0.658076
0.573129
0.537997
0.529083
0.561181
0.594864
0.524322
0.604129
0.495818
0.592251
0.609454
0.550683
0.603212
0.555437
0.635749
0.559214
0.603957
0.570055
0.565953
0.602721
0.527393
0.595534
0.547321
0.560272
0.500743
0.601488
0.593305
0.553840
0.519889
0.517279
0.622611
0.524241
0.541079
0.570092
0.544721
0.538305
0.574298
0.585043
0.626706
0.543807
0.584667
0.536990
0.522704
0.545989
0.629159
0.578950
0.636668
0.545149
0.539652
0.613767
0.537660
0.467510
0.620875
0.561056
0.584145
0.580617
0.643240
0.580241
0.500862
0.556583
0.568961
0.591250
0.517960
0.480877
0.513887
0.562749
0.551538
0.462962
0.563855
0.548097
0.578520
0.493101
0.469562
0.542823
0.521656
0.545250
0.497422
0.542766
0.553899
0.596251
0.484437
0.510091
0.546152
0.560837
0.582310
0.533493
0.533604
0.533752
0.598053
0.546399
0.551293
0.584030
0.531096
0.611643
0.485219
0.544398
0.574111
0.507375
0.515704
0.516582
0.500465
0.506475
0.457820
0.559803
0.540154
0.573345
0.566126
0.538930
0.514086
0.577237
0.629381
0.535196
0.552926
0.522156
0.561455
0.518110
0.531761
0.517945
0.572673
0.570079
0.567650
0.568881
0.605205
0.551550
0.498466
0.581434
0.530955
0.565549
0.536889
0.503571
0.529856
0.525965
0.517339
0.462844
0.511006
0.519799
0.490003
0.592384
0.514597
0.549130
0.579320
0.599237
0.483913
0.585056
0.563153
0.558462
0.504952
0.540664
0.520441
0.513261
0.564528
0.599911
0.555671
0.584973
0.565136
0.569695
0.552849
0.621118
0.507300
0.591889
0.557862
0.618841
0.601623
0.585814
0.537533
0.462948
0.519457
0.516613
0.555577
0.599495
0.529336
0.554088
0.565234
0.550603
0.501410
0.479083
0.503857
0.541242
0.568547
0.555745
0.577544
0.541944
0.552215
0.567439
0.538448
0.613432
0.577868
0.696755
0.536290
0.471022
0.516805
0.529774
0.539325
0.513157
0.582562
0.517392
0.564577
0.583087
0.532913
0.520669
0.525719
0.609754
0.575890
0.516635
0.592381
0.599176
0.538171
0.447776
0.577094
0.483329
0.517340
0.550637
0.482592
0.485975
0.485212
0.522114
0.555535
0.584447
0.484577
0.521239
0.487211
0.493563
0.531969
0.447868
0.496069
0.581257
0.487157
0.537835
0.547569
0.607924
0.575760
0.470680
0.599819
0.540498
0.574388
0.563522
0.511913
0.571085
0.616191
0.491957
0.570024
0.522862
0.636961
0.525845
0.580569
0.525112
0.591796
0.538607
0.533159
0.466190
0.546095
0.564947
0.591175
0.565438
0.559120
0.618437
0.636374
0.498318
0.636975
0.570711
0.541356
0.527077
0.597992
0.635759
0.517928
0.585610
0.553975
0.484569
0.583711
0.538213
0.580055
0.524314
0.614411
0.611434
0.560236
0.513559
0.537095
0.574059
0.639644
0.583822
0.546920
0.563781
0.616595
0.569853
0.587218
0.657572
0.551967
0.496569
0.575163
0.549401
0.583941
0.583977
0.568835
0.555972
0.543096
0.472331
0.605552
0.495452
0.566060
0.531278
0.517538
0.621351
0.506748
0.657333
0.577511
0.573132
0.551609
0.541624
0.612965
0.526424
0.492669
0.568663
0.577825
0.513720
0.507114
0.598036
0.553922
0.527266
0.591511
0.622597
0.624138
0.545903
0.533561
0.595085
0.642255
0.577246
0.592761
0.619750
0.529434
0.548928
0.551982
0.604977
0.585937
0.567412
0.521590
0.660911
0.501550
0.548856
0.537818
0.544859
0.636388
0.584260
0.572906
0.570386
0.541222
0.537547
0.559306
0.555708
0.607677
0.555639
0.598617
0.592653
0.660689
0.628652
0.557044
0.631695
0.572187
0.546378
0.628189
0.581815
0.668315
0.613243
0.620340
0.613227
0.597312
0.566003
0.582669
0.562115
0.596733
0.590761
0.663140
0.612054
0.560966
0.637627
0.591106
0.583308
0.611126
0.590277
0.609815
0.599048
0.541930
0.538514
0.643637
0.606537
0.631438
0.571787
0.551561
0.604809
0.508179
0.574110
0.657696
0.520631
0.571894
0.614369
0.535005
0.639207
0.625000
0.538155
0.604405
0.616091
0.579916
0.529202
0.573886
0.568500
0.527135
0.526570
0.664700
0.548881
0.543808
0.574303
0.636517
0.540868
0.564363
0.610696
0.582504
0.546788
0.631620
0.552281
0.605110
0.642281
0.623324
0.549921
0.598957
0.651996
0.572906
0.628781
0.674975
0.542240
0.649893
0.592950
0.585059
0.557785
0.559377
0.579602
0.558428
0.586970
0.633873
0.659237
0.557001
0.622670
0.594834
0.597870
0.651636
0.576167
0.559093
0.654333
0.610646
0.547769
0.512430
0.534550
0.660420
0.598721
0.567674
0.480305
0.577343
0.609876
0.579824
0.544107
0.582812
0.599546
0.537661
0.520357
0.600389
0.601509
0.581987
0.647387
0.609827
0.587671
0.624375
0.561731
0.625305
0.511674
0.664581
0.535406
0.600265
0.625349
0.613562
0.705360
0.689177
0.599069
0.582862
0.656156
0.627838
0.656804
0.505810
0.671930
0.630704
0.655215
0.565360
0.700813
0.608560
0.586620
0.613838
0.569361
0.623008
0.610823
0.670323
0.655601
0.771733
0.612379
0.663091
0.639835
0.575728
0.649245
0.661690
0.579477
0.725629
0.664084
0.598216
0.626412
0.587610
0.578456
0.629288
0.650580
0.588047
0.575238
0.644011
0.610420
0.611796
0.661619
0.659509
0.599576
0.628201
0.599661
0.626842
0.732819
0.591187
0.607532
0.623708
0.654419
0.552098
0.640883
0.637863
0.551398
0.656780
0.620200
0.585134
0.653248
0.613577
0.607124
0.616561
0.575561
0.689925
0.610237
0.617701
0.652528
0.620623
0.554885
0.587313
0.659091
0.582386
0.648943
0.607055
0.610325
0.515260
0.689622
0.615207
0.630421
0.630709
0.521076
0.514686
0.546634
0.528521
0.573555
0.672341
0.547495
0.619621
0.603432
0.586150
0.672157
0.641610
0.634664
0.623546
0.637185
0.607806
0.481777
0.588431
0.607739
0.624540
0.614867
0.604299
0.607107
0.668545
0.688433
0.578838
0.642833
0.582419
0.607610
0.603741
0.692730
0.510563
0.624186
0.660724
0.580633
0.596808
0.517028
0.534746
0.596741
0.495679
0.537444
0.683972
0.584985
0.762136
0.624619
0.593331
0.735633
0.494989
0.610895
0.628516
0.623918
0.638214
0.619512
0.732502
0.632752
0.521901
0.612284
0.581821
0.598389
0.594547
0.600458
0.664169
0.612378
0.689132
0.748972
0.671537
0.572112
0.604287
0.656209
0.568523
0.550514
0.624027
0.571509
0.509816
0.564566
0.607028
0.573478
0.511477
0.564323
0.524082
0.627947
0.643129
0.586736
0.652372
0.629257
0.539164
0.517512
0.632380
0.635299
0.594882
0.610514
0.478413
0.581401
0.662936
0.653625
0.629604
0.602190
0.593168
0.551672
0.627204
0.579266
0.693459
0.606965
0.656761
0.550497
0.571961
0.555666
0.606032
0.618575
0.560970
0.649211
0.621073
0.557626
0.682281
0.684591
0.673573
0.641114
0.653112
0.658715
0.718567
0.667391
0.660022
0.587087
0.522036
0.685482
0.560972
0.580671
0.553456
0.724839
0.593544
0.596503
0.641480
0.624086
0.647093
0.670981
0.643001
0.622683
0.630792
0.574507
0.563568
0.559811
0.748329
0.693300
0.651424
0.655270
0.590566
0.549847
0.631784
0.637344
0.651445
0.580526
0.627867
0.569018
0.677614
0.661737
0.599021
0.705244
0.560744
0.633204
0.550153
0.522108
0.580891
0.667568
0.598000
0.661964
0.584811
0.555013
0.632534
0.663142
0.653464
0.611407
0.639737
0.598819
0.587204
0.654584
0.596806
0.574827
0.545906
0.670719
0.682451
0.587291
0.600962
0.666777
0.588947
0.631636
0.579468
0.730879
0.690068
0.596534
0.663331
0.655363
0.607998
0.570680
0.636822
0.597248
0.597930
0.642188
0.652179
0.665541
0.615995
0.662980
0.671818
0.653847
0.725099
0.595898
0.739928
0.625350
0.528565
0.537319
0.659700
0.637610
0.647051
0.648238
0.567050
0.582492
0.559839
0.715813
0.632427
0.652604
0.629521
0.659610
0.612460
0.578018
0.737075
0.599246
0.677666
0.572249
0.527616
0.557305
0.620046
0.576856
0.541496
0.687211
0.564866
0.589873
0.613531
0.740831
0.562836
0.575462
0.587380
0.672634
0.647535
0.607052
0.514182
0.613014
0.593065
0.588375
0.636562
0.586938
0.797133
0.638933
0.527023
0.660053
0.601345
0.574969
0.626643
0.588396
0.554290
0.591633
0.630296
0.526459
0.602535
0.628792
0.530889
0.576295
0.696299
0.518981
0.575869
0.691856
0.631471
0.679130
0.701585
0.625111
0.587062
0.551778
0.603525
0.553421
0.616083
0.693493
0.654448
0.672918
0.734529
0.615153
0.636884
0.647114
0.612263
0.686288
0.599358
0.692139
0.628364
0.627144
0.627175
0.591526
0.627726
0.669717
0.603092
0.603880
0.647018
0.598782
1.609431
1.609428
1.609417
1.609403
1.609376
1.609321
1.609242
1.609071
1.608743
1.608077
1.606809
1.605135
1.609430
1.609427
1.609422
1.609417
1.609406
1.609380
1.609351
1.609282
1.609221
1.608969
1.608748
1.607863
1.607099
1.605269
1.602620
1.597412
1.590257
1.582891
1.559981
1.550997
1.508225
1.505666
1.430037
1.367087
1.349876
1.282984
1.199259
1.078390
0.979825
1.012736
0.928463
0.814271
0.877234
0.884575
0.902855
0.814472
0.745039
0.752698
0.689213
0.764853
0.718086
0.634421
0.601020
0.523643
0.692301
0.636291
0.605280
0.610527
0.549720
0.567682
0.620733
0.531008
0.559056
0.558168
0.539657
0.664631
0.737624
0.554398
0.471136
0.564265
0.591681
0.461731
0.545771
0.554364
0.706872
0.552519
0.429688
0.537105
0.487905
0.572129
0.584737
0.608861
0.489908
0.492400
0.618763
0.466642
0.524773
0.472082
0.682361
0.600875
0.520670
0.488754
0.432346
0.493341
0.595515
0.576496
0.532380
0.416374
0.555033
0.470558
0.586237
0.453374
0.533407
0.438464
0.535215
0.501253
0.481694
0.497721
0.473962
0.461378
0.453205
0.456904
0.511821
0.512716
0.432020
0.358665
0.394716
0.367160
0.439918
0.419691
0.456273
0.421204
0.456191
0.420496
0.377485
0.356887
0.444122
0.494113
0.541006
0.453956
0.554425
0.436997
0.452613
0.412195
0.451376
0.384152
0.436248
0.349871
0.410937
0.406957
0.495876
0.475049
0.486639
0.447870
0.430564
0.353807
0.297550
0.508916
0.416616
0.412547
0.509968
0.405615
0.360361
0.337968
0.449240
0.385279
0.369656
0.428333
0.298120
0.307289
0.435130
0.356326
0.321353
0.380066
0.433488
0.300307
0.361117
0.500905
0.336201
0.388182
0.363849
0.344788
0.368765
0.366118
0.395846
0.474677
0.340944
0.422535
0.358871
0.330299
0.341419
0.387608
0.428728
0.359903
0.270422
0.335465
0.305657
0.333197
0.294791
0.281650
0.353028
0.298582
0.394467
0.398642
0.305949
0.397986
0.280251
0.308378
0.368405
0.414206
0.325053
0.373416
0.249740
0.357250
0.363397
0.259766
0.342311
0.316737
0.335930
0.312042
0.336392
0.308681
0.329010
0.283785
0.341359
0.258111
0.260666
0.329398
0.298419
0.288246
0.354092
0.303956
0.338811
0.276875
0.325224
0.301003
0.400147
0.381628
0.322011
0.245057
0.254066
0.314022
0.282368
0.276999
0.242346
0.334344
0.307074
0.336091
0.300346
0.343786
0.313916
0.321254
0.261532
0.243970
0.288471
0.307913
0.310090
0.292018
0.279864
0.311688
0.235034
0.235175
0.291945
0.239466
0.309392
0.183021
0.213839
0.196383
0.299327
0.292530
0.262425
0.244789
0.360525
0.288900
0.298191
0.295158
0.262220
0.239275
0.272875
0.222606
0.291884
0.238407
0.249937
0.271364
0.325374
0.267803
0.238009
0.223567
0.245724
0.290986
0.318091
0.236344
0.189961
0.229612
0.286132
0.257613
0.261986
0.270956
0.242705
0.369259
0.241366
0.296029
0.282764
0.288114
0.311327
0.327847
0.264652
0.262035
0.287552
0.357540
0.298479
0.302641
0.282988
0.236801
0.299871
0.259348
0.322784
0.269171
0.245543
0.323520
0.273005
0.296048
0.250023
0.291407
0.220633
0.295742
0.233846
0.202287
0.233762
0.274859
0.258407
0.294679
0.224989
0.262230
0.309344
0.223865
0.228898
0.208381
0.285910
0.274278
0.248260
0.282222
0.243998
0.315469
0.240371
0.346124
0.311257
0.277599
0.249005
0.336639
0.287827
0.286207
0.288074
0.285829
0.269981
0.240854
0.313381
0.234382
0.320267
0.245654
0.326190
0.274404
0.316379
0.333788
0.321822
0.292588
0.296410
0.293688
0.279513
0.265678
0.262800
0.334061
0.316525
0.324658
0.360696
0.318034
0.315953
0.270739
0.298861
0.294089
0.335395
0.283425
0.296039
0.328187
0.330118
0.315992
0.344486
0.356768
0.351801
0.278371
0.307594
0.342288
0.336426
0.388060
0.339146
0.400459
0.325259
0.364789
0.349334
0.355081
0.319767
0.367746
0.343100
0.351803
0.364706
0.348731
0.359453
0.370616
0.382988
0.348096
0.411879
0.376839
0.378868
0.372843
0.411891
0.386443
0.400273
0.392052
0.310002
0.323984
0.299753
0.366428
0.340928
0.366996
0.375350
0.295801
0.357042
0.313173
0.353040
0.412632
0.376303
0.302836
0.381932
0.351198
0.333030
0.360081
0.359332
0.350753
0.417404
0.378723
0.313235
0.382279
0.312615
0.379352
0.422220
0.422362
0.341082
0.354852
0.336315
0.380704
0.437000
0.386032
0.397228
0.372219
0.416697
0.358064
0.368832
0.357428
0.371668
0.362024
0.434561
0.342945
0.356567
0.364911
0.372743
0.434515
0.424349
0.405286
0.365019
0.404474
0.394788
0.386213
0.411606
0.424103
0.396172
0.404125
0.447513
0.376653
0.432241
0.398903
0.350596
0.451543
0.353803
0.423275
0.302940
0.348775
0.407881
0.381368
0.381574
0.359583
0.361300
0.339882
0.340966
0.293335
0.380522
0.373788
0.402156
0.364731
0.328824
0.293241
0.323527
0.435231
0.337532
0.364343
0.402549
0.393620
0.414166
0.362591
0.344830
0.410120
0.392875
0.436170
0.364485
0.433147
0.436464
0.331912
0.363281
0.364284
0.440902
0.359993
0.403186
0.368008
0.381597
0.456095
0.407937
0.363540
0.395814
0.353346
0.371910
0.363175
0.377090
0.431561
0.464096
0.368552
0.379408
0.400339
0.401150
0.457067
0.442157
0.465092
0.390296
0.391882
0.371570
0.445063
0.355211
0.370331
0.416330
0.445237
0.431585
0.411933
0.447842
0.410577
0.439492
0.438795
0.371563
0.402181
0.399962
0.423374
0.432314
0.386387
0.437037
0.408347
0.435127
0.408822
0.493078
0.458508
0.384633
0.451470
0.448281
0.458393
0.434650
0.419141
0.471011
0.406805
0.387671
0.447397
0.426182
0.451542
0.389846
0.478105
0.386855
0.430542
0.460078
0.472848
0.407444
0.425867
0.424098
0.482357
0.467088
0.502137
0.467617
0.470941
0.477276
0.490758
0.455549
0.456621
0.455093
0.389723
0.444350
0.430892
0.446907
0.398487
0.409399
0.461590
0.509465
0.451943
0.404359
0.413195
0.445326
0.471245
0.476261
0.478258
0.509316
0.431028
0.480275
0.434869
0.484609
0.481849
0.528905
0.431708
0.442180
0.483098
0.446345
0.414240
0.493980
0.508117
0.400912
0.450838
0.469792
0.473719
0.548201
0.448569
0.452684
0.511426
0.536502
0.423492
0.435954
0.462858
0.379819
0.442622
0.412010
0.417469
0.429058
0.502164
0.468707
0.488882
0.493708
0.463234
0.427323
0.401200
0.440855
0.479142
0.498691
0.455307
0.472939
0.504666
0.436159
0.390876
0.399230
0.451972
0.437199
0.463057
0.413497
0.388982
0.426312
0.494588
0.464817
0.413442
0.445680
0.468787
0.423878
0.432886
0.437337
0.432770
0.520795
0.423553
0.507488
0.501956
0.511157
0.498423
0.463866
0.464038
0.519875
0.473366
0.474618
0.516022
0.371602
0.518547
0.520804
0.411733
0.429969
0.426397
0.430839
0.449356
0.494377
0.431897
0.515053
0.534628
0.534494
0.494042
0.432383
0.459191
0.524131
0.469408
0.514268
0.529201
0.438322
0.548079
0.512240
0.513891
0.526616
0.476477
0.461472
0.467576
0.482292
0.487500
0.458462
0.466800
0.524159
0.514935
0.483882
0.468407
0.481718
0.520928
0.479818
0.462226
0.492619
0.446441
0.541991
0.540815
0.454332
0.482682
0.521538
0.522233
0.450447
0.485233
0.429126
0.397995
0.418317
0.448785
0.384874
0.504923
0.461654
0.464713
0.467933
0.502468
1.609431
1.609428
1.609424
1.609416
1.609391
1.609355
1.609303
1.609229
1.609089
1.608737
1.608469
1.607222
1.605590
1.603737
1.600242
1.593815
1.581846
1.572747
1.554324
1.536713
1.513531
1.473412
1.434537
1.363105
1.350862
1.278014
1.161152
1.098333
0.980402
0.989648
0.972219
0.933133
0.851840
0.808989
0.827841
0.843678
0.811768
0.687529
0.757856
0.725272
0.793451
0.692298
0.714042
0.682019
0.692660
0.651796
0.585281
0.510457
0.672475
0.620056
0.539992
0.694071
0.516793
0.615857
0.534885
0.527618
0.713408
0.633375
0.524814
0.542136
0.619017
0.578016
0.608106
0.615599
0.662430
0.483945
0.628445
0.607937
0.496293
0.470988
0.530760
0.582109
0.552932
0.455504
0.567123
0.432262
0.484144
0.563174
0.638134
0.504906
0.467292
0.526512
0.578612
0.465339
0.568896
0.559497
0.441742
0.673700
0.583706
0.520455
0.507169
0.467863
0.468208
0.422950
0.493273
0.456185
0.400164
0.479322
0.697748
0.411931
0.564498
0.608303
0.565268
0.473971
0.479889
0.411855
0.544263
0.454548
0.500941
0.495839
0.537490
0.532822
0.529259
0.433174
0.450307
0.457449
0.534885
0.434499
0.458859
0.484092
0.547140
0.477145
0.582420
0.459430
0.571064
0.560194
0.354018
0.441507
0.461544
0.537988
0.511052
0.541913
0.402899
0.373889
0.374829
0.394195
0.428772
0.443661
0.261222
0.399537
0.401017
0.491357
0.415428
0.456389
0.371588
0.460013
0.404866
0.390617
0.411138
0.412376
0.368563
0.415613
0.428149
0.408828
0.396162
0.363362
0.423727
0.412383
0.373102
0.445501
0.451080
0.431882
0.485330
0.368791
0.398232
0.407032
0.441071
0.388134
0.420071
0.343741
0.338079
0.424536
0.417960
0.349645
0.355202
0.419659
0.461574
0.402358
0.430372
0.349138
0.431953
0.404353
0.379395
0.367228
0.379761
0.384636
0.341543
0.346781
0.316982
0.334588
0.364269
0.424738
0.354253
0.323699
0.360338
0.333113
0.380257
0.389452
0.334539
0.348180
0.269557
0.312312
0.396285
0.261923
0.313531
0.381769
0.398424
0.348707
0.395202
0.406701
0.315298
0.302049
0.340842
0.334147
0.453190
0.378358
0.405513
0.375573
0.376821
0.358551
0.351763
0.350784
0.362123
0.461455
0.394913
0.289178
0.337663
0.288767
0.370696
0.276048
0.382602
0.378094
0.373881
0.329699
0.354710
0.376959
0.371149
0.342897
0.374816
0.420668
0.335295
0.353669
0.310370
0.316162
0.379453
0.286344
0.388399
0.432269
0.291862
0.387358
0.371893
0.400335
0.298517
0.322615
0.371137
0.398509
0.322068
0.367923
0.385565
0.403930
0.364348
0.324537
0.391460
0.315418
0.346024
0.362102
0.299002
0.357935
0.283893
0.340216
0.325135
0.360765
0.320030
0.276754
0.272603
0.332347
0.321075
0.386988
0.299079
0.349117
0.349861
0.318147
0.366593
0.325306
0.317900
0.370726
0.302434
0.282588
0.291984
0.316530
0.296925
0.340895
0.353094
0.316331
0.368368
0.311766
0.344659
0.297532
0.297775
0.369007
0.329727
0.331345
0.341856
0.395706
0.328365
0.258387
0.298715
0.419503
0.323984
0.370923
0.334417
0.302615
0.346434
0.266201
0.329191
0.343458
0.307705
0.405215
0.420149
0.314426
0.284848
0.365594
0.329485
0.413054
0.360915
0.410478
0.367491
0.372603
0.367038
0.390070
0.356896
0.379249
0.363903
0.384893
0.398445
0.423685
0.404710
0.372055
0.312778
0.378472
0.397677
0.365892
0.461549
0.333247
0.383270
0.392934
0.423114
0.433598
0.348062
0.348090
0.346643
0.353185
0.362514
0.352786
0.288009
0.379936
0.377738
0.423302
0.431736
0.335604
0.364816
0.430715
0.405999
0.343984
0.349510
0.440037
0.312792
0.399449
0.349424
0.410763
0.337296
0.391062
0.376384
0.460695
0.478559
0.304782
0.302661
0.306363
0.328616
0.402131
0.356538
0.342741
0.389801
0.369463
0.378730
0.434004
0.357177
0.340251
0.368429
0.364536
0.373467
0.330644
0.339064
0.401694
0.364120
0.489096
0.403334
0.453079
0.339820
0.411196
0.362079
0.449094
0.359698
0.390000
0.409095
0.458828
0.352621
0.394801
0.453071
0.408462
0.520923
0.370050
0.433550
0.471409
0.436221
0.419818
0.417943
0.417833
0.346264
0.435586
0.378984
0.439279
0.418332
0.455284
0.424182
0.411628
0.339503
0.391623
0.352234
0.387436
0.416790
0.414228
0.402654
0.398290
0.327879
0.403564
0.504712
0.340455
0.489182
0.362295
0.430630
0.429834
0.356951
0.362675
0.411721
0.403663
0.377110
0.399935
0.400792
0.421489
0.451132
0.416643
0.501105
0.367991
0.366614
0.364879
0.430564
0.403079
0.412494
0.468321
0.432234
0.366450
0.409679
0.387424
0.405995
0.421724
0.375711
0.351537
0.428372
0.425724
0.434154
0.464417
0.394441
0.435600
0.377827
0.357623
0.371135
0.409549
0.401128
0.397666
0.417702
0.465899
0.434229
0.454195
0.464728
0.409230
0.458626
0.369510
0.361066
0.492619
0.477893
0.428317
0.431545
0.464396
0.480947
0.474582
0.424754
0.437033
0.426950
0.432770
0.437898
0.443052
0.457846
0.446442
0.440940
0.452339
0.411764
0.448821
0.509320
0.502583
0.567416
0.404449
0.442471
0.548231
0.519566
0.476380
0.506064
0.466318
0.486889
0.441774
0.487020
0.510076
0.510947
0.525927
0.439553
0.489015
0.475865
0.543051
0.432359
0.462909
0.438452
0.516571
0.450583
0.552216
0.491030
0.492090
0.454982
0.437994
0.443836
0.539963
0.525559
0.382524
0.431992
0.508254
0.475624
0.497975
0.496597
0.565071
0.461293
0.403721
0.416887
0.433985
0.542325
0.449661
0.452209
0.533160
0.528789
0.505589
0.499367
0.519578
0.455699
0.481713
0.444221
0.439765
0.464018
0.404769
0.472868
0.456664
0.441403
0.441387
0.473036
0.525559
0.513408
0.496593
0.495319
0.504341
0.521463
0.462722
0.479400
0.515407
0.455319
0.459687
0.412322
0.373180
0.450210
0.469460
0.485757
0.505694
0.423987
0.466639
0.440000
0.449776
0.387904
0.463285
0.479593
0.496313
0.414780
0.430056
0.547993
0.549950
0.427911
0.391935
0.433767
0.452594
0.411913
0.553283
0.443001
0.536581
0.411783
0.464951
0.477171
0.400080
0.396089
0.435107
0.449975
0.521954
0.443929
0.508955
0.544110
0.499132
0.469531
0.497843
0.511822
0.531045
0.519523
0.526597
0.477857
0.534361
0.529525
0.493545
0.524274
0.480981
0.506866
0.381692
0.525644
0.496942
0.406115
0.395357
0.460642
0.463798
0.456164
0.474810
0.547935
0.523484
0.404453
0.451303
0.489570
0.455794
0.550419
0.439508
0.428312
0.471178
0.531360
0.475143
0.433852
0.396583
0.424627
0.456507
0.517862
0.429738
0.463400
0.433185
0.502411
0.492957
0.451351
0.457438
0.453460
0.452216
0.471393
0.485219
0.501197
0.471446
0.475678
0.514108
0.431885
0.447008
0.524209
0.507972
0.425189
0.436254
0.559239
0.483829
0.483243
0.478618
0.508193
0.491178
0.511968
0.453203
0.464546
0.520150
0.502968
0.483258
0.470736
0.479067
0.478984
0.517795
0.502077
0.474221
0.466408
0.433190
0.465377
0.458831
0.438325
0.496734
0.477593
0.441808
0.436164
0.428750
0.522554
0.544435
0.453542
0.463878
0.476896
0.474654
0.523349
0.502895
0.513378
0.456251
0.566670
0.472205
0.469896
0.493540
0.465412
0.515670
0.477035
0.511737
0.462612
0.443513
0.462500
0.509276
0.490882
0.525251
0.555200
0.446945
0.522896
0.455099
0.521044
0.530077
0.465075
0.531746
0.434430
0.559892
0.428081
0.468537
0.559120
0.479738
0.496038
0.489578
0.414293
0.470362
0.419061
0.506681
0.492859
0.450461
0.489169
0.503993
0.550226
0.451477
0.495173
0.495169
0.509397
0.469345
0.413823
0.458600
0.456344
0.485820
0.438802
0.419134
0.473458
0.473631
0.470498
0.451759
0.411165
0.431349
0.456783
0.489308
0.487183
0.443108
0.535941
0.458005
0.450441
0.496501
0.439965
0.581056
0.418655
1.609429
1.609416
1.609388
1.609301
1.609098
1.608883
1.608194
1.607601
1.606623
1.603647
1.601372
1.591729
1.583919
1.562074
1.532384
1.513672
1.479282
1.393924
1.295403
1.291751
1.204126
1.081883
1.031950
1.127851
1.041890
0.941436
0.997624
0.867592
0.841284
0.777202
0.725695
0.841099
0.745449
0.763524
0.824811
0.627978
0.814363
0.718345
0.719507
0.668061
0.708209
0.553314
0.639609
0.662027
0.566499
0.525158
0.725271
0.653366
0.467749
0.537635
0.498813
0.411755
0.611578
0.527263
0.532089
0.474921
0.467222
0.561483
0.503962
0.410192
0.494693
0.515339
0.416880
0.492339
0.507234
0.504389
0.476723
0.416807
0.476431
0.532176
0.526054
0.490943
0.423516
0.500235
0.355442
0.473632
0.495024
0.394109
0.446662
0.353029
0.418790
0.472501
0.437209
0.413192
0.518445
0.424238
0.481654
0.420765
0.420326
0.388488
0.428314
0.477499
0.446731
0.487711
0.336253
0.367701
0.392375
0.420694
0.318394
0.408648
0.327736
0.502795
0.415910
0.422723
0.437549
0.434139
0.381983
0.318884
0.490524
0.396425
0.443347
0.370000
0.444189
0.416986
0.382981
0.379619
0.372393
0.358900
0.448595
0.316941
0.329468
0.403997
0.411644
0.306243
0.343759
0.414948
0.294772
0.315366
0.262484
0.336210
0.343331
0.305310
0.310400
0.241545
0.273547
0.305089
0.330893
0.342849
0.267927
0.324158
0.350138
0.373018
0.245585
0.287541
0.372203
0.303111
0.305227
0.244544
0.327085
0.299454
0.335343
0.338730
0.289340
0.294917
0.251687
0.314228
0.343060
0.236601
0.317893
0.305409
0.264861
0.294478
0.276053
0.241359
0.248523
0.342394
0.266206
0.249628
0.215745
0.281774
0.264636
0.239025
0.259171
0.278725
0.358489
0.274617
0.256870
0.322424
0.260781
0.289068
0.284777
0.189220
0.295147
0.189478
0.216810
0.171350
0.184146
0.214642
0.116851
0.190738
0.262615
0.216676
0.227645
0.237927
0.286379
0.199931
0.237122
0.187616
0.253897
0.284058
0.245566
0.224981
0.239232
0.266857
0.148844
0.208232
0.209181
0.141467
0.193754
0.243007
0.156379
0.140385
0.167559
0.220668
0.272034
0.279802
0.264194
0.196431
0.169100
0.133890
0.222154
0.193070
0.200755
0.173844
0.160742
0.170256
0.250995
0.145139
0.191273
0.242994
0.183972
0.182547
0.177680
0.196597
0.182288
0.158142
0.215202
0.203115
0.163684
0.210779
0.191534
0.207137
0.179595
0.178782
0.229855
0.156877
0.187375
0.222561
0.116719
0.165102
0.162810
0.200514
0.223845
0.216942
0.221353
0.162910
0.162039
0.166508
0.219105
0.167606
0.187008
0.179682
0.203690
0.159440
0.210072
0.281459
0.233645
0.146851
0.212222
0.198492
0.166001
0.215646
0.168952
0.167658
0.210366
0.153005
0.197227
0.240884
0.147631
0.209572
0.205610
0.165265
0.129084
0.116285
0.167161
0.145504
0.220855
0.174258
0.189480
0.167240
0.207392
0.203293
0.153369
0.202227
0.176339
0.247270
0.149405
0.197768
0.161250
0.123147
0.162343
0.162264
0.173850
0.147612
0.156708
0.188857
0.125207
0.221817
0.215076
0.182221
0.137751
0.194928
0.118357
0.156782
0.191723
0.221270
0.151114
0.204380
0.152656
0.215995
0.123850
0.157350
0.126854
0.207223
0.248577
0.185631
0.165541
0.203191
0.220276
0.191377
0.156542
0.193660
0.180763
0.152561
0.115337
0.196320
0.247653
0.167201
0.152370
0.204039
0.242125
0.164025
0.193478
0.183772
0.187635
0.150939
0.164851
0.135712
0.210858
0.241332
0.130338
0.164410
0.211598
0.197254
0.177169
0.190255
0.235431
0.197650
0.227650
0.207258
0.234590
0.192241
0.224043
0.120216
0.165320
0.194491
0.193924
0.186086
0.182722
0.128975
0.182088
0.219843
0.212613
0.143378
0.199518
0.222944
0.230824
0.155580
0.213595
0.194741
0.173645
0.198367
0.260980
0.168170
0.208196
0.172577
0.198824
0.188438
0.185396
0.205950
0.166898
0.220072
0.189855
0.184645
0.195111
0.141670
0.231117
0.204416
0.154358
0.156473
0.193848
0.212364
0.184223
0.170757
0.241176
0.221111
0.146902
0.170982
0.146095
0.121533
0.169687
0.115000
0.215998
0.199459
0.214634
0.214636
0.248269
0.218114
0.187539
0.216910
0.192004
0.185237
0.150746
0.179708
0.215913
0.242834
0.261730
0.147634
0.207714
0.162604
0.226963
0.242928
0.173219
0.158274
0.165732
0.229699
0.204835
0.216518
0.216533
0.173387
0.203503
0.242088
0.215420
0.201575
0.216856
0.229425
0.165815
0.189372
0.180590
0.208045
0.276701
0.190223
0.208682
0.191849
0.162263
0.203381
0.209780
0.242313
0.209735
0.232032
0.182632
0.200198
0.197929
0.196108
0.186080
0.189134
0.221208
0.197962
0.164341
0.270796
0.221751
0.233284
0.250131
0.236239
0.216574
0.256732
0.251767
0.273922
0.231385
0.233129
0.277923
0.298633
0.253788
0.235878
0.224426
0.220666
0.273797
0.195607
0.246153
0.238798
0.303905
0.218207
0.214786
0.222275
0.213846
0.238779
0.205299
0.269178
0.304869
0.194190
0.266622
0.225651
0.256667
0.263988
0.215723
0.248513
0.243748
0.278984
0.298629
0.239585
0.186410
0.283146
0.207251
0.258419
0.280819
0.204265
0.263226
0.171556
0.246530
0.228893
0.239380
0.294550
0.268723
0.259429
0.298799
0.252813
0.257071
0.223848
0.243571
0.265153
0.218891
0.207287
0.246428
0.236841
0.268868
0.243569
0.194474
0.257536
0.241423
0.193630
0.266222
0.163445
0.273391
0.229273
0.262645
0.231300
0.284905
0.286558
0.209902
0.207690
0.216842
0.249628
0.269564
0.241290
0.270645
0.285137
0.286683
0.322996
0.270272
0.290073
0.288184
0.277574
0.263017
0.267858
0.245522
0.279699
0.332705
0.289145
0.294649
0.242106
0.272907
0.318592
0.273705
0.238159
0.264886
0.257672
0.270774
0.221093
0.254970
0.245342
0.247759
0.327397
0.257158
0.279050
0.211704
0.203617
0.211243
0.238538
0.196680
0.267727
0.263712
0.240937
0.240911
0.221931
0.272051
0.225079
0.309577
0.250139
0.284290
0.288226
0.191782
0.276336
0.240853
0.226235
0.220144
0.238247
0.263143
0.261241
0.233137
0.285276
0.249439
0.260403
0.265820
0.236913
0.257989
0.313985
0.296480
0.251918
0.201905
0.243848
0.255425
0.273749
0.255249
0.252519
0.249213
0.236176
0.244534
0.256688
0.265027
0.235331
0.282110
0.333161
0.219824
0.229106
0.234846
0.258254
0.294938
0.297655
0.213893
0.330146
0.229474
0.230151
0.189365
0.237817
0.254385
0.221184
0.252186
0.242049
0.307533
0.293417
0.281598
0.251884
0.213907
0.241931
0.239328
0.264185
0.229335
0.231106
0.245296
0.251178
0.240943
0.261556
0.272605
0.288573
0.280773
0.257577
0.256608
0.208684
0.236920
0.211768
0.267843
0.231048
0.220162
0.288346
0.242143
0.253838
0.278738
0.224959
0.282426
0.280162
0.272889
0.216866
0.268241
0.253843
0.257388
0.242408
0.258517
0.274092
0.303108
0.306626
0.212875
0.311793
0.240332
0.334630
0.263675
0.240399
0.266677
0.288712
0.297567
0.269260
0.269189
0.282909
0.285190
0.278950
0.244615
0.230091
0.273656
0.233872
0.288469
0.296596
0.249246
0.327742
0.286751
0.261248
0.314677
0.261734
0.305172
0.288820
0.304685
0.249188
0.281400
0.276502
0.321054
0.281181
0.277387
0.318816
0.274465
0.304237
0.325237
0.306129
0.286938
0.228432
0.272310
0.296541
0.302649
0.313631
0.251091
0.278200
0.280126
0.259228
0.298357
0.314397
0.248883
0.290354
0.313358
0.295219
0.223975
0.267026
0.302746
0.245361
0.287612
0.255043
0.262585
0.216774
0.273639
0.294771
0.242402
0.251846
0.227838
0.317178
0.323944
0.347737
0.320411
0.261282
0.263989
0.270218
0.331844
0.239174
0.295949
0.289692
0.306332
0.265715
0.324403
0.231147
0.261087
0.312295
0.302917
0.286762
0.302743
0.249120
0.295044
0.291597
0.289150
0.258734
0.258566
0.368269
0.253050
0.284236
0.292553
0.293463
0.299464
0.383520
0.274194
0.259601
0.243853
0.272167
0.243749
0.235440
0.255420
0.282514
0.289412
0.248979
0.269653
0.254312
0.256828
0.274995
0.324233
0.316861
0.266694
0.268962
0.257826
0.287910
0.282265
0.287002
0.261057
0.272465
0.329068
0.278871
0.290746
0.361572
0.279160
0.316283
0.289060
0.323279
0.312662
0.297427
0.293755
0.264955
0.323898
0.369778
0.243673
0.260648
0.302731
0.300912
0.250395
0.228444
0.315510
0.313752
0.296966
0.302855
0.299264
0.276818
0.305199
0.307512
0.281236
0.334301
0.323605
0.309216
0.268367
0.344941
0.329612
0.342584
0.289698
0.267968
0.316531
0.309324
0.341618
0.289882
0.263499
0.267016
0.227270
0.283948
0.278958
0.286602
0.336940
0.325379
0.291896
0.320119
0.248343
0.271804
0.308528
0.276218
0.247862
0.275373
0.302527
0.240188
0.289952
0.258021
0.274518
0.262643
0.261624
0.279092
0.297112
0.333279
0.311075
0.299822
0.263585
0.310046
0.253700
0.278527
0.269618
0.246077
0.284111
0.288447
0.334739
0.311629
0.271262
0.340142
0.295697
0.276551
0.267566
0.353502
0.265046
0.291760
0.262155
0.327393
0.306735
0.322830
0.292050
0.282554
0.271359
0.307287
0.326963
0.323005
0.222499
0.239442
0.304367
0.309099
0.305991
0.339733
0.300626
0.252213
0.267203
0.275365
0.288041
0.265204
0.296190
0.347741
0.280175
0.303603
0.301634
0.309957
0.278925
0.306897
0.316748
0.291085
0.350182
0.289249
0.315970
0.308872
0.366003
0.237123
0.338460
0.344496
0.298802
0.282051
0.264346
0.306207
0.310685
0.284519
0.327633
0.277980
0.321652
0.291704
0.336775
0.312112
0.300895
0.286132
0.281172
0.298697
0.333293
0.322996
0.302175
0.313994
0.289863
0.304043
0.315150
0.250012
0.275459
0.345111
0.271344
0.325278
0.327624
0.299010
0.316167
0.330177
0.314429
0.291680
0.305335
0.316226
0.277981
0.291539
0.274271
0.363960
0.288375
0.343892
0.258483
0.330998
0.346144
0.362505
0.321967
0.364897
0.279575
0.322620
0.278973
0.288771
0.317150
0.315988
0.273050
0.283810
0.238236
0.276522
0.333587
0.346544
0.272411
0.264035
0.288806
0.290675
0.265575
0.260294
0.309680
0.338927
0.340111
0.311377
0.308514
0.304679
0.354868
0.275118
0.284745
0.303603
0.308544
0.343070
0.299344
0.331844
0.292707
0.296826
0.303661
0.284587
0.326771
0.275850
0.320232
0.339993
0.290339
0.252293
0.278783
0.376735
0.306256
0.282986
0.298008
0.274787
0.267254
0.275248
0.335530
0.322673
0.333418
0.348400
0.315962
0.337134
0.316489
0.292106
0.316251
0.330077
0.325173
0.317931
0.369544
0.317073
0.300732
0.357387
0.311413
0.339195
0.314885
0.333691
0.304101
0.322772
0.304681
0.368349
0.314269
0.354475
0.290286
0.305990
0.272163
0.310233
0.342541
0.352919
0.360783
0.326008
0.354687
0.286058
0.331863
0.334825
0.283475
0.273053
0.315416
0.348694
0.360178
0.312534
0.321261
0.317348
0.347236
0.317619
0.307355
0.331197
0.307111
0.324904
0.342026
0.297902
0.323818
0.316213
0.276394
0.345862
0.338578
0.335552
0.289865
0.303461
0.342962
0.332393
0.350775
0.269712
0.315385
0.305095
0.342357
0.300875
0.325852
0.397076
0.310438
0.329094
0.226208
0.332720
0.311755
0.326613
0.274709
0.311621
0.327900
0.288804
0.245327
0.274357
0.309721
0.326377
0.316703
0.347434
0.357210
0.281452
0.366335
0.275653
0.296621
0.317414
0.246613
0.313825
0.313754
0.313417
0.295079
0.264871
0.320850
0.295342
0.288773
0.310679
0.286506
0.337200
0.297580
0.290140
0.284573
0.281639
0.346703
0.309783
0.247828
0.295069
0.268693
0.344524
0.314703
0.325352
0.253710
0.301020
0.269529
0.267999
0.257279
0.249765
0.313800
0.317407
0.293758
0.302363
0.274708
0.285935
0.293771
0.362254
0.267833
0.330521
0.287390
0.312615
0.312055
0.294180
0.290273
0.278987
0.312007
0.338308
0.253423
0.294437
0.278701
0.251151
0.283721
0.260052
0.281184
0.283209
0.259316
0.270861
0.285610
0.315941
0.304126
0.251355
0.304803
0.251355
0.317020
0.304576
0.316578
0.286251
0.249958
0.324152
0.275699
0.348987
0.261282
0.253386
0.293128
0.286020
0.304622
0.297964
0.281335
0.316635
0.259592
0.226392
0.305936
0.263215
0.295641
0.304594
0.289640
0.314938
0.282243
0.307359
0.247222
0.274087
0.250626
0.268076
0.336927
0.298947
0.249721
0.287971
0.282194
0.261849
0.261282
0.266812
0.313509
0.316466
0.301384
0.315896
0.311098
0.301907
0.291750
0.339147
0.301206
0.335693
0.318164
0.317721
0.294393
0.263734
0.296398
0.324895
0.316545
0.330805
0.308903
0.354016
0.307999
0.354429
0.308407
0.337973
0.337615
0.310545
0.337040
0.277297
0.319987
0.313432
0.292198
0.322096
0.365718
0.323589
0.283569
0.317087
0.344094
0.303427
0.352374
0.317653
0.322241
0.335080
0.331174
0.378405
0.308121
0.352899
0.323434
0.284889
0.329911
0.301382
0.309020
0.306951
0.325620
0.329579
0.381664
0.325478
0.316589
0.287880
0.305246
0.316743
0.347809
0.341734
0.356773
0.351891
0.306074
0.323758
0.330817
0.272314
0.328221
0.291903
0.259148
0.329891
0.287755
0.269059
0.246019
0.264703
0.340696
0.250160
0.356465
0.271246
0.278692
0.295616
0.311469
1.609430
1.609429
1.609427
1.609422
1.609410
1.609398
1.609366
1.609320
1.609264
1.609098
1.608877
1.608293
1.607388
1.606655
1.604634
1.601512
1.596802
1.591562
1.575895
1.568355
1.545584
1.522474
1.490366
1.459385
1.410884
1.306142
1.288295
1.212013
1.155154
