8.395779
15.030881
14.762302
10.883317
8.243730
13.899409
5.642111
11.293527
3.881328
10.029820
0.114001
6.358447
5.513602
8.540446
-1.709521
5.398491
1.405230
0.385225
7.182852
0.901821
0.273047
4.582364
1.569648
1.779325
2.289459
1.983045
1.092301
-0.758984
0.500178
2.615258
1.022724
1.085929
2.141724
0.648612
1.858137
0.030023
-0.423220
0.758086
-0.382376
0.752814
-0.178351
0.257173
-0.973847
0.857369
-0.043186
0.629230
-0.401026
0.965284
0.528708
0.314232
-0.151247
-0.097466
0.082876
0.357659
-0.299653
-0.120482
0.449910
-0.010122
-0.011735
0.447164
0.130793
-0.179343
0.096701
-0.129632
-0.150153
0.411585
0.161847
0.457158
-0.997398
0.430235
0.345850
-0.208497
0.427648
-0.223105
0.069673
0.064864
0.439870
-0.229423
0.156298
-0.163954
0.401250
-0.227593
0.285037
0.731649
-0.273432
-0.067937
0.000323
0.078544
0.026117
0.227078
-0.018514
0.182191
-0.036248
-0.136463
-0.250998
-0.169230
-0.649229
0.384384
0.257552
-0.715436
-0.411620
0.122944
-0.147745
-0.154385
-0.052549
0.227822
-0.130477
-0.650080
-0.170599
-0.120931
0.048432
-0.075642
0.349215
-0.187052
0.107262
-0.003163
0.141639
-0.006384
0.265844
0.510605
-0.155319
0.490241
-0.071517
0.256655
0.227177
-0.354283
0.154581
-0.117682
0.660233
-0.053711
0.281340
0.027464
-0.123502
-0.288049
0.382753
0.222939
-0.087988
0.053761
0.096480
0.091270
0.312301
0.295230
0.359583
0.155309
-0.470808
0.186948
-0.531823
0.335063
0.200409
-0.286319
0.511599
-0.108752
-0.954497
0.165623
-0.137768
-0.684486
-0.276231
0.152496
-0.213762
0.076827
0.139989
-0.468546
0.240840
0.265781
-0.066108
-0.023982
-0.073907
0.109266
0.448759
-0.327650
0.018335
-0.020159
0.164070
0.017918
-0.743241
-0.123509
0.325899
0.158411
-0.170495
-0.533911
-0.725528
0.015894
-0.350594
0.000846
-0.560640
0.055130
0.190198
0.159085
-0.022176
0.100724
-0.184227
0.020057
-0.515649
0.134012
0.136518
-0.124875
0.076033
0.286299
-0.140463
-0.246524
-0.000174
-0.014336
0.054058
0.035100
0.066446
0.115922
0.193191
-0.105205
-0.448959
-0.200999
0.081645
0.025856
-0.297660
0.093930
0.147768
0.241369
-0.213076
0.160193
0.204143
0.149209
-0.296778
-0.141312
-0.015451
-0.083706
-0.556874
0.222799
0.003527
0.002704
0.165915
-0.189616
-0.036592
0.249103
0.277475
-0.179506
0.077511
-0.233036
-0.115086
0.318621
0.166746
0.035501
-0.201582
-0.089016
-0.050192
-0.138269
-0.121039
-0.167093
-0.075039
-0.201935
-0.243728
0.191774
0.025088
-0.258509
0.126418
-0.314794
-0.155081
-0.095334
-0.089313
-0.296148
-0.084351
-0.235165
0.162978
0.025271
-0.096244
0.261191
-0.153020
0.121444
0.073190
0.008701
0.120781
0.021551
0.101234
-0.036186
0.070071
0.080186
-0.178946
0.073759
0.020121
-0.268876
-0.224247
-0.172176
-0.169993
-0.128409
0.114924
0.004594
-0.247401
0.066832
0.023291
0.207354
-0.242210
-0.230645
0.077682
0.103972
-0.084834
0.033104
-0.185920
-0.057100
0.127739
0.027648
-0.034075
-0.179515
0.087983
0.199395
-0.029514
-0.177333
0.036559
0.129649
-0.179862
-0.056748
-0.258379
0.094808
-0.379581
0.195830
-0.321686
-0.162358
-0.219484
-0.609565
-0.315186
0.031651
-0.261357
0.158003
0.030904
0.096015
0.122008
-0.181859
-0.364799
0.175786
0.142549
0.082467
-0.178555
-0.169390
-0.044284
0.036063
0.191875
0.033907
-0.320024
0.069721
-0.040165
0.112825
-0.367148
-0.289970
0.100101
-0.790939
0.061149
-0.214563
-0.187657
-0.417536
-0.041922
-0.173621
-0.427386
-0.150964
0.091201
-0.338608
0.041037
-0.359606
-0.038874
-0.026979
0.078935
0.108793
0.069433
0.199270
-0.054953
0.095708
-0.486494
-0.233105
-0.192850
-0.537258
-0.244521
-0.225790
0.018865
-0.069551
0.147688
-0.144445
0.006966
-0.202904
0.037663
-0.029656
-0.070955
-0.200603
-0.002673
0.032640
0.063045
-0.127304
0.013896
0.012396
0.156956
-0.064706
-0.010980
0.087176
0.075013
0.027472
-0.239122
0.140397
-0.033549
0.010039
-0.089861
-0.234796
0.008037
-0.273572
0.040479
0.135625
-0.155338
0.109578
-0.410889
0.082791
-0.065669
0.108003
0.118822
0.184536
-0.183284
0.121794
-0.067719
0.038482
-0.027847
0.090073
-0.199710
-0.129206
-0.112984
0.096773
-0.178137
0.004067
-0.399135
0.143027
-0.106359
0.129600
0.026602
-0.432408
-0.051345
-0.180315
0.065500
-0.206555
-0.114651
0.051519
-0.031585
-0.052845
-0.074284
-0.051030
0.045735
-0.195489
-0.224912
0.202472
-0.089310
0.089285
0.057944
-0.163272
-0.008723
0.100071
0.065351
-0.351433
0.051044
0.133122
-0.118486
0.041100
-0.281803
0.065996
-0.387325
0.127783
-0.047212
-0.098503
-0.124142
0.013506
-0.178914
-0.397224
-0.087539
0.198480
-0.202838
0.078222
-0.316890
0.149901
-0.394891
-0.235020
-0.007868
-0.197211
-0.277330
-0.049009
0.049977
0.110738
-0.095159
0.015886
0.051849
0.063193
-0.177665
0.079676
-0.364448
0.166311
-0.036238
-0.123606
-0.048386
0.026062
-0.025389
-0.001803
0.066467
0.015226
-0.075695
0.092686
0.026212
-0.199862
-0.129054
0.037390
0.018337
-0.362241
0.023738
0.008924
0.116746
-0.278109
0.122636
0.121739
0.088478
-0.104313
-0.098616
0.140256
0.043605
-0.140441
-0.183680
-0.190177
0.072511
0.115990
-0.126277
0.108242
0.076820
-0.095204
0.089964
-0.064581
0.028470
-0.142612
0.034776
0.072727
-0.071533
0.174247
-0.188888
-0.121263
0.154978
0.006432
-0.370815
0.045735
-0.155103
0.077230
-0.180092
0.097547
-0.011004
-0.048040
-0.263658
0.092126
0.098408
-0.066938
0.122695
0.093193
0.113087
-0.173738
0.011190
-0.235681
-0.220774
0.000517
0.067757
0.092450
-0.349216
-0.011690
-0.134775
0.181014
0.033256
-0.192377
0.118233
0.110197
-0.021017
-0.069550
-0.447173
-0.008223
-0.281330
-0.110879
-0.098259
-0.050100
-0.206976
0.076855
0.016784
-0.073605
-0.183526
0.095802
-0.303916
0.177388
-0.059509
0.080061
-0.455410
-0.018515
0.029795
0.181616
0.135490
-0.011877
0.099003
-0.134526
-0.133344
-0.209550
0.011910
-0.071480
0.133435
-0.459809
-0.119124
-0.232115
-0.428277
0.038925
0.044353
0.107836
0.069726
0.001882
0.082599
0.072131
-0.203660
0.085427
0.052061
0.102635
0.005999
-0.026076
-0.056208
-0.008464
0.141020
-0.739160
-0.048985
0.133168
0.047314
-0.052101
0.043769
-0.445542
-0.277654
0.157774
0.094409
-0.374844
-0.602624
-0.241096
-0.095540
-0.241709
0.015270
0.123212
0.113247
-0.297721
0.105262
-0.127589
0.156849
-0.005353
-0.621689
-0.367255
0.161247
-0.261522
-0.106027
-0.083553
0.061836
-0.055320
-0.378773
0.243878
0.090838
-0.106522
-0.080869
-0.045317
0.017331
0.123262
0.084260
-0.027110
-0.311575
0.193482
-0.100816
-0.017914
-0.061372
-0.272031
-0.092228
0.017018
-0.103128
0.104023
0.020686
-0.488357
0.152202
-0.068492
-0.231548
0.091998
-0.258634
-0.120063
-0.168541
0.122796
-0.209015
-0.204086
0.094755
-0.288023
-0.114995
0.015224
-0.037199
0.157136
0.047526
0.075745
-0.315335
-0.006356
-0.339020
0.199818
-0.018110
0.043125
0.090798
-0.093398
0.170712
-0.247552
0.060778
-0.362096
0.048504
0.114669
-0.408675
-0.044158
0.128830
-0.138603
-0.120112
0.044350
0.046936
-0.138464
-0.351394
0.143104
-0.307416
-0.070773
-0.603920
-0.109870
-0.030909
-0.084436
0.043178
0.159632
-0.099684
-0.260709
0.154505
0.067637
-0.321806
-0.066547
0.116844
0.121630
0.017310
0.140258
-0.097381
0.084294
-0.010526
-0.336652
-0.253495
0.088406
-0.089233
-0.460091
-0.100529
-0.122666
0.153066
0.084422
0.052654
-0.158963
-0.268505
-0.438398
0.167443
-0.053253
0.006364
-0.152880
-0.014539
0.040939
-0.092874
-0.329859
-0.090915
-0.322047
-0.110246
0.218654
-0.169492
-0.084670
-0.034008
0.083645
-0.131918
-0.124737
0.069017
0.088403
-0.122943
-0.052359
-0.167281
-0.002247
0.149260
-0.102515
-0.359191
-0.033717
-0.057773
-0.753507
0.001080
0.011348
0.018410
0.084795
-0.214782
0.045965
-0.271293
-0.004541
-0.413173
-0.260540
-0.089284
0.110480
0.102774
-0.229631
0.019097
0.135206
-0.160182
-0.111044
-0.114171
-0.070876
-0.012945
0.118473
-0.163440
-0.245271
0.031788
0.156294
0.077481
0.044509
-0.364464
-0.184880
-0.074421
0.000227
-0.098783
-0.101134
0.021349
-0.627831
-0.162576
-0.084410
-0.339041
0.158561
0.057484
-0.207536
-0.180578
0.022032
0.098181
0.043700
-0.048824
0.039482
-0.114452
-0.076612
-0.006475
-0.378581
-0.601361
-0.308188
-0.409856
-0.163987
-0.345068
0.094840
0.049512
-0.282656
0.024912
-0.036699
-0.147204
-0.099050
-0.335932
-0.288952
-0.053910
0.036834
0.110929
0.113293
-0.655872
0.184436
-0.036518
0.071538
0.036334
-0.375903
-0.362001
0.004557
-0.094402
0.062271
0.050442
-0.378787
-0.149980
-0.192662
0.120359
0.099202
0.070818
0.036225
0.054686
-0.128716
-0.111255
-0.047764
0.112307
-0.003944
-0.048403
-0.057763
-0.188750
-0.000959
0.066646
-0.239250
-0.085593
0.042546
-0.074497
0.158347
0.137374
-0.250090
-0.081910
0.061623
-0.588195
-0.211210
-0.030426
0.122277
0.070901
0.088585
-0.185348
-0.040181
0.156462
-0.075833
-0.281901
0.127157
0.019023
-0.054473
0.011815
-0.029693
0.068711
-0.049727
-0.084939
0.126395
0.082162
-0.220676
-0.054413
-0.025493
0.121131
0.040779
-0.015533
0.085012
0.003674
-0.335944
0.080795
-0.031523
-0.277116
0.108801
0.062377
-0.535390
0.119415
0.107762
0.038293
-0.252761
-0.277051
0.172753
0.036774
-0.069419
-0.087472
0.149616
0.055433
0.075173
0.052290
-0.209139
0.000918
0.041021
-0.226006
0.019692
0.001105
0.167498
-0.153929
-0.024621
0.045823
0.111127
-0.308178
-0.027417
0.080942
0.151621
0.081617
-0.625822
-0.156455
-0.005465
-0.092958
0.048481
0.056261
-0.566042
-0.240880
0.016019
-0.181107
0.030864
-0.149289
-0.138156
-0.019823
-0.004730
-0.075067
0.091252
0.086631
-0.335592
0.155220
-0.114273
-0.454756
0.141654
-0.487801
-0.053821
-0.232153
-0.022386
0.045905
0.080864
0.087768
0.144441
-0.144396
-0.044267
0.042480
-0.631861
-0.028303
-0.114119
0.192429
-0.323738
0.016231
-0.092625
-0.006567
0.124269
0.101845
0.092636
-0.111875
0.149704
-0.201984
-0.017419
0.127784
0.065436
-0.173454
-0.008083
-0.233789
-0.031005
-0.073294
0.071658
0.108616
-0.037645
0.054420
0.156262
0.128373
0.119040
0.005809
0.092067
-0.108786
0.003855
-0.122811
0.124853
0.101054
0.017920
-0.080325
-0.041777
0.012275
-0.512838
0.020823
0.137122
-0.112289
0.073099
-0.415521
-0.016782
-0.021863
0.175058
-0.011839
-0.021888
-0.020823
-0.136629
-0.248206
-0.201878
-0.118679
0.109678
0.050702
0.068108
0.088645
-0.023294
-0.462387
-0.020379
0.066868
0.112633
-0.096119
-0.246333
0.069611
-0.105880
0.110498
-0.449429
-0.179068
0.133140
0.004148
-0.644235
-0.125416
-0.181474
-0.245995
-0.173894
-0.006731
0.071914
0.012258
-0.256422
0.038544
0.086876
-0.092242
-0.133323
0.149656
0.069551
0.072745
0.098810
-0.235352
-0.253665
-0.042244
-0.076023
0.091060
-0.531614
0.100912
0.034837
0.052494
0.124104
0.051267
-0.843710
-0.073462
0.069409
-0.412097
0.170688
-0.126627
-0.424291
0.092851
-0.514916
0.094655
-0.371829
0.193603
0.091145
0.204991
0.108606
-0.117635
0.058029
0.098814
-0.455179
0.095448
0.191809
-0.308404
0.064257
0.138346
-0.038682
0.031298
0.112541
0.133381
0.052680
-0.566693
-0.062929
0.138507
-0.038497
0.207585
-0.336446
-0.076561
-0.098139
0.110930
0.145478
0.009018
-0.347229
-0.399375
-0.086455
0.071851
0.063296
0.187262
0.094368
0.222582
-0.027431
0.013545
-0.126828
-0.068453
0.121999
-0.061179
-0.136606
-0.173003
-0.350356
-0.052608
-0.102733
0.266791
-0.006020
-0.275009
-0.007599
-0.323555
0.024178
0.002272
0.180586
-0.107574
0.149741
0.014313
-0.213860
-0.146203
-0.222434
-0.121523
0.126458
-0.330953
-0.383681
-0.283720
0.034850
0.098435
-0.152884
0.108012
-0.034286
-0.018713
-0.120007
0.012923
-0.046049
0.179559
-0.159219
0.158629
0.099324
-0.147765
-0.188275
0.112923
-0.508362
0.146130
-0.042226
-0.380752
-0.084969
0.110292
-0.012189
-0.386118
0.230021
0.116551
0.097284
-0.462007
0.018617
-0.115973
-0.150212
0.143283
-0.093060
-0.161613
0.160818
-0.265900
0.037212
-0.076589
-0.270713
0.089194
-0.299973
-0.076537
0.033747
-0.402074
-0.368917
-0.242342
0.114403
-0.027430
0.143788
0.066940
-0.088324
0.103184
-0.109226
0.068199
0.002013
-0.342395
0.081144
-0.368622
-0.468111
0.138777
-0.081373
-0.095938
-0.181060
0.193074
-0.255351
0.103559
-0.013325
0.023711
-0.042322
-0.039628
-0.469080
0.047800
0.195175
0.013535
0.166239
-0.223828
0.150380
0.120645
0.058407
-0.368084
0.136404
-0.145167
0.219326
-0.074707
-0.081416
-0.019434
-0.064041
-0.148538
-0.092452
0.080807
0.027225
0.069048
-0.279477
0.016621
0.059368
-0.168491
0.139345
-0.190774
0.017407
-0.041871
0.047418
0.183663
-0.011538
0.121377
0.039564
-0.751773
0.026080
-0.189634
-0.260550
-0.083129
-0.456389
0.007365
-0.182039
0.057231
0.112008
0.130276
-0.258967
-0.079489
-0.190034
-0.125644
0.180371
0.112912
0.061103
0.122414
0.141901
0.102198
0.010994
-0.150460
-0.564740
-0.153788
0.059281
0.086594
-0.079679
0.027827
-0.118170
0.105917
-0.129671
0.118776
-0.165067
0.127908
0.152395
-0.193464
0.015010
-0.185494
-0.159287
-0.218380
-0.001872
0.156219
-0.030430
-0.313953
0.112000
-0.106681
0.180431
0.121808
0.117364
-0.375577
0.083724
0.011353
0.004729
-0.080610
-0.254838
-0.178535
0.056288
0.083315
0.044852
-0.390847
0.273805
-0.003677
-0.051255
0.018708
0.169905
0.132199
0.136697
-0.269149
0.137719
-0.123116
-0.063707
0.131339
-0.600514
-0.319672
-0.987487
0.147527
-0.068588
-0.204525
0.022567
0.112915
-0.264200
-0.491657
-0.157996
-0.308444
0.026868
-1.057176
0.037742
-0.116786
0.236236
-0.033118
-0.205989
-0.263425
-0.337520
0.118226
0.064840
-0.176250
0.108755
-0.049073
-0.059826
0.163575
-0.306953
-0.856666
-0.399989
-0.055906
0.145260
-0.495459
-0.105209
0.051309
-0.087573
-0.035431
0.039072
-0.023981
0.046576
0.186252
0.009230
0.148225
-0.325333
-0.171646
-0.168843
0.157350
-0.097640
0.126853
-0.249229
0.074849
0.095800
-0.165478
-0.417615
0.111056
-0.358395
-0.847007
-0.013378
-0.179629
0.119276
0.012808
-0.291972
0.125754
-0.057500
0.021084
-0.337907
-0.004238
0.071221
-0.133113
-0.261974
-0.036936
0.176281
0.016309
-0.255698
0.121492
0.017813
-0.353311
0.013600
-0.557331
-0.207295
0.138215
0.099589
-0.168112
0.094459
-0.140813
0.211524
-0.104821
-0.172935
-0.020119
-0.089010
-0.525294
0.138003
-0.025968
0.017679
0.117159
0.169568
-0.403808
-0.013360
0.100887
-0.126874
0.037178
-0.332046
0.174984
0.046179
-0.381525
0.102576
0.114600
-0.000555
0.015222
-0.373181
0.055639
0.014597
0.021945
-0.083825
-0.104760
0.125494
0.136057
-0.240592
0.051196
-0.395158
-0.224682
0.035715
-0.147069
-0.199260
0.098086
0.079055
-0.154629
0.023882
0.116261
-0.390373
0.068415
-0.116177
-0.053212
0.123765
-0.018919
-0.251995
-0.260101
-0.090983
0.119643
0.170687
-0.145612
-0.037050
0.113912
0.180510
0.007188
0.082869
-0.002596
-0.207748
0.150824
-0.379671
-0.030691
0.077019
0.010484
0.110159
-0.311114
-0.090746
0.092981
0.032134
-0.121947
0.156781
-0.480961
-0.068301
0.152716
-0.284578
-0.013953
0.089812
-0.243613
-0.026154
0.111673
-0.094253
0.126073
-0.468159
-0.112001
0.126059
-0.245387
-0.168726
0.211047
-0.516161
0.229979
-0.087703
-0.057634
0.040571
0.198840
0.076655
-0.111889
-0.282165
-0.329382
0.209406
0.015050
-0.226179
0.002385
-0.140725
0.169959
0.114255
-0.274662
-0.250662
0.208962
0.189389
-0.147112
-0.304213
0.235972
0.052042
-0.043264
-0.379215
0.111216
0.019358
0.044163
-0.123897
-0.382427
-0.017301
-0.262756
-0.057006
-0.083054
-0.332062
0.053478
-0.224930
-0.022330
0.185228
-0.107273
0.198233
-0.021279
0.134072
-0.139173
-0.001797
-0.324113
0.028822
0.079894
-0.079979
0.078785
0.024215
0.068015
0.046841
0.070635
-0.104268
-0.201194
-0.039607
0.042924
-0.160091
0.209960
0.138406
-0.008835
0.084927
0.095264
-0.068115
0.154099
0.070461
0.109609
-0.012201
-0.042756
-0.148998
0.209656
-0.193912
-0.055520
0.062482
-0.127986
-0.270290
-0.052088
-0.174091
-0.065184
0.023303
-0.227455
-0.240094
0.029351
-0.422615
-0.345806
0.185564
0.112273
-0.294344
-0.544528
0.093721
-0.713809
0.061625
0.113172
0.029483
0.132152
-0.058732
-0.118546
-0.038520
0.160894
0.131936
0.171045
-0.147749
-0.126629
0.082041
-0.013923
-0.381039
0.075862
-0.384418
-0.358257
-0.168288
-0.278946
-0.250172
-0.082077
-0.289765
-0.038758
-0.165168
0.123727
0.085682
-0.246832
-0.070620
0.023183
0.154319
-0.086371
0.108023
-0.010791
-0.615115
-0.066692
-0.437928
0.120587
0.041411
-0.244355
-0.231434
0.035827
-0.316414
-0.004826
-0.006943
0.100138
0.089963
0.171402
-0.186384
-0.238508
-0.129683
0.144119
-0.007265
-0.203764
-0.031084
-0.057645
0.020356
-0.398101
-0.101799
-0.097019
-0.025108
0.063081
-0.552362
-0.193935
0.074979
-0.457093
0.025597
-0.099257
-0.066051
-0.248931
-0.147616
0.068189
-0.125448
0.203578
-0.164288
-0.139703
0.049626
0.091610
-0.041175
-0.003681
-0.131171
-0.391936
0.067295
0.031629
0.052624
0.146512
-0.023100
0.067511
-0.130068
-0.046886
0.211853
-0.277698
0.012551
0.102820
0.023715
0.170477
0.057834
-0.001531
0.116689
-0.033185
-0.689682
-0.234520
-0.237934
-0.157370
0.053419
-0.493470
-0.089811
0.082142
-0.011425
0.118009
-0.083083
0.145525
-0.552948
0.056259
0.119024
-0.201408
0.000252
-0.086098
-0.108692
0.024957
0.028062
0.156060
-0.064738
0.160512
-0.037134
0.102428
-0.107005
-0.420248
0.082225
-0.274676
-0.006450
0.054732
-0.100264
0.097031
-0.196913
0.170855
-0.480108
0.011230
-0.440065
-0.270611
-0.012475
-0.128269
0.108960
-0.030505
-0.316344
-0.225385
0.094740
0.145975
0.098507
0.053254
-0.060045
0.140249
-0.217343
0.058310
0.117331
-0.396979
-0.191516
-0.241915
-0.009935
0.138442
0.147350
-0.248475
0.029108
0.096595
0.035425
0.085188
-0.088601
-0.539473
0.011016
-0.221584
0.142351
0.048939
-0.031355
-0.194990
0.148484
0.124279
0.147039
0.038352
0.127131
0.010237
0.063884
0.037883
0.187612
0.093353
0.164158
0.175494
-0.303141
0.081696
0.022277
0.039664
-0.429873
-0.097327
0.084749
-0.105920
0.180149
-0.033062
0.119416
0.038858
-0.291362
0.217369
-0.093316
-0.159845
-0.075981
0.191632
-0.233863
-0.141399
0.092351
-0.104015
0.017546
0.079725
0.107343
0.149208
-0.147938
-0.492562
0.085840
0.067320
0.037708
0.216318
0.105276
0.110208
-0.234635
-0.017430
0.078831
-0.069686
-0.326263
-0.007059
-0.670798
0.187139
-0.391223
0.078553
0.114720
0.044595
0.158276
0.176858
-0.449616
-0.304934
0.130359
-0.083476
-0.198764
0.191895
-0.451074
0.086277
-0.131369
0.129528
0.090912
-0.044717
0.151518
-0.254837
0.287880
0.138354
-0.192111
-0.020492
-0.150286
-0.028059
-0.038248
-0.057730
-0.522298
-0.076685
0.096011
0.042698
-0.057790
0.118331
0.035413
0.122276
0.104425
-0.286395
-0.131186
0.050060
0.131204
-0.200385
-0.000101
-0.007569
-0.238245
-0.008018
-0.316833
0.105395
-0.131745
0.090247
-0.196671
-0.346825
0.084190
0.112104
0.251306
0.090931
0.020945
-0.174306
0.144550
-0.133902
-0.151336
-0.108265
-0.002788
-0.032552
0.009627
0.225534
-0.170849
0.148351
-0.009489
0.121597
-0.197127
-0.051495
0.015857
0.075195
-0.226757
-0.129991
-0.174197
-0.265443
-0.128703
0.201983
0.225955
0.043348
-0.016862
0.048086
0.163264
0.101851
0.102050
-0.086266
-0.061993
0.162467
0.051299
-0.138653
0.077872
0.279657
-0.256632
-0.031335
0.078858
0.022871
-0.008395
-0.106079
-0.067077
0.037187
-0.132592
-0.000363
-0.264451
0.244158
0.096910
0.158439
-0.266511
0.031735
-0.097759
-0.451612
-0.176705
0.156407
-0.228031
0.078637
-0.121678
-0.243297
-0.190341
-0.452415
-0.023155
0.023546
0.166416
-0.359482
-0.074803
0.091048
0.144631
0.145337
0.103881
0.067904
0.041315
-0.013624
0.075188
0.038697
-0.442746
0.053974
-0.117044
0.183829
-0.141236
0.033247
0.029653
0.176099
-0.734284
-0.141175
0.059951
0.061155
0.268947
-0.165197
-0.148301
-0.041481
-0.355289
0.030380
-0.176091
0.136575
-0.573245
-0.081047
-0.544281
0.244467
-0.170812
0.210513
0.293466
-0.160930
0.135931
-0.106216
-0.126891
0.070949
0.277064
0.217663
-0.279043
0.013878
0.069000
-0.254549
0.125592
0.285074
-0.779109
0.169419
-0.140353
-0.023443
0.153540
-0.195088
0.249494
-0.288849
0.249430
0.071856
0.189076
0.258883
-0.113554
0.132047
0.054058
-0.153389
0.256553
-0.147810
-0.629211
0.009009
-0.199606
0.142257
-0.015912
0.153146
-0.202549
-0.082223
0.009741
0.063336
0.111196
-0.113544
-0.071449
-0.114154
0.152573
-0.173107
-0.353371
-0.084301
0.182924
0.058097
0.187261
-0.065322
0.168022
0.095874
0.089451
-0.031215
0.000645
0.026811
0.001504
-0.169207
-0.048626
-0.391959
-0.444570
-0.448290
-0.067401
0.163584
-0.015299
-0.134621
-0.588956
-0.026498
0.107514
-0.039157
0.086032
-0.084484
-0.187665
-0.173689
-0.280762
0.099706
-0.179916
0.090913
-0.477517
-0.080238
0.086571
-0.048496
0.222586
0.107219
-0.350357
-0.019408
-0.204606
-0.045896
0.164689
-0.220678
-0.245643
0.168360
-0.037132
0.048258
-0.012099
0.123058
0.028970
-0.221970
-0.253619
0.063710
0.085396
-0.063760
0.073537
-0.122892
0.086170
-0.244587
-0.050527
0.053157
-0.243298
0.138598
-0.073145
0.157067
0.172306
-0.029333
0.127719
0.062997
-0.053281
0.031764
-0.123520
0.069322
-0.090097
0.172859
0.065904
0.048110
0.078342
0.129367
-0.096178
0.126742
0.026689
-0.117986
0.122230
-0.117019
-0.004519
-0.060819
0.110890
-0.359109
-0.322786
0.075307
-0.359128
0.174792
-0.104156
-0.202641
0.034278
0.039764
0.180714
-0.137687
-0.178918
0.066695
0.108887
-0.374427
-0.173312
0.125183
0.121602
-0.268432
0.096525
0.153992
-0.091173
-0.051499
-0.205757
-0.348605
0.054420
0.084513
-0.034979
-0.115897
0.120931
0.141729
0.189207
-0.182371
-0.025086
0.089581
0.015532
0.048455
0.151382
0.051465
-0.068595
0.176576
0.073512
-0.458096
0.184979
0.094793
-0.063549
-0.133664
0.020789
-0.650797
-0.304917
-0.191727
0.105290
0.119435
-0.128149
0.145001
-0.304436
-0.466988
-0.261115
-0.095346
0.242387
-0.051882
-0.251540
0.033350
0.119265
0.138475
0.137998
0.032556
0.306470
0.098566
-0.024201
0.048874
-0.093563
-0.100977
-0.168603
0.126552
-0.040147
0.090314
0.000878
0.109886
0.056072
-0.082694
0.081692
-0.273523
-0.199248
0.026318
0.119226
0.090362
0.075142
0.129703
-0.108086
0.104561
0.082731
0.172719
0.076420
-0.004253
-0.061534
-0.396766
-0.035108
0.062614
-0.051908
-0.026932
0.044338
0.100457
-0.131572
-0.059599
0.087509
0.058989
-0.276984
0.032609
-0.680862
0.086146
-0.041152
-0.223291
-0.344989
0.011000
-0.343976
0.092525
0.096761
-0.420740
-0.008060
0.202277
-0.210377
-0.016641
-0.307615
-0.109295
0.212046
0.188590
-0.359068
-0.024414
-0.137292
-0.426639
0.071253
0.026301
-0.121931
0.139017
0.215904
0.017978
0.047461
-0.238040
0.258449
0.023691
0.143460
0.090739
-0.080762
0.044966
0.018819
0.084732
0.015450
-0.027577
-0.444252
-0.593550
-0.152069
-0.234856
0.136426
-0.423075
0.020604
-0.868388
-0.119445
0.079405
-0.209870
-0.236492
-0.003674
-0.316771
0.166183
-0.396488
-0.210325
-0.170645
0.218597
0.122668
-0.003122
-0.031351
0.072372
0.089612
-0.046028
0.199312
0.049802
-0.288311
-0.974342
-0.315663
0.196279
-0.158860
-0.355730
-0.200387
-0.431739
0.059562
0.008280
-0.133465
-0.284537
0.194788
-0.347567
0.093636
0.195985
0.065922
0.020401
-0.161862
0.176602
-0.221936
-0.313434
-0.215317
-0.121740
-0.073949
0.121681
-0.804695
0.255001
0.102667
-0.095168
-0.531760
0.215511
-0.024047
0.020925
-0.106199
0.004259
-0.136058
0.039219
-0.577534
-0.227570
-0.163225
-0.042413
0.113088
-0.043921
0.096027
-0.122901
10.679409
15.625432
11.427295
9.976666
10.561794
12.867697
13.173385
14.412139
4.626228
4.280008
3.268799
4.565372
14.720117
14.951537
10.690269
11.924148
11.299221
12.473391
12.268130
5.838414
10.566824
3.727811
8.561810
-1.975232
6.934236
3.629971
-0.420999
-0.867712
2.479348
0.917995
-4.280273
3.229660
-2.789968
1.390643
4.795103
0.205901
3.642173
1.731602
2.006836
-0.017528
1.015708
1.407652
-0.005037
1.315242
0.343641
1.054134
0.730153
1.110455
-0.337501
0.355683
0.599942
-0.756964
0.374252
-0.854743
-0.914906
-1.122287
0.346061
0.925139
0.233711
0.008589
-0.168111
0.125223
-0.170483
-0.392484
-0.982910
-0.791245
-0.260263
0.182422
0.449611
0.173460
0.352691
0.105478
0.498647
-0.224970
-0.123619
-0.310240
0.906228
-0.911987
-1.008642
-0.363152
-0.282832
0.374370
0.112128
-0.168536
-0.206334
-0.070178
-0.026513
-0.437430
0.164162
-1.117675
0.251583
-0.110350
-1.025267
-0.206318
-0.297492
0.081937
-0.202103
0.317708
-0.124410
0.569217
-0.544814
0.149597
-0.059794
0.131942
0.750222
-1.035269
0.324663
-0.323993
0.103395
0.016394
0.201629
0.050139
-0.127370
-0.796500
0.062154
-0.141944
-0.028531
0.367910
0.588112
0.107267
0.236937
-0.468167
-0.307111
-0.100683
0.140016
-0.213328
-0.171909
-0.295154
0.129655
-0.231122
0.347132
-0.008454
0.519832
-0.002900
0.151209
-0.300744
0.349032
0.094006
-0.195832
-0.010838
-0.123642
-0.284998
0.191881
0.075983
-0.263733
0.185834
-0.258532
-0.014424
0.007257
-0.603087
-0.086219
-0.527795
-0.798948
-0.847450
-0.070749
-0.197874
0.140240
0.355720
0.178616
0.233908
-0.271360
-0.007738
0.142663
-0.006596
0.054682
-0.267661
-0.988003
-0.652367
-0.135983
-0.371812
0.011570
0.179062
0.187921
0.227982
-0.151276
-0.266870
-0.607873
0.320025
0.197291
0.012256
-0.061257
-0.058382
-0.380188
0.221563
-0.054390
-0.040097
-0.060374
-0.257031
-0.111809
0.312419
-0.135615
0.032724
0.056591
-0.467704
-0.352012
-0.127783
0.149233
-0.118140
-0.118001
-0.108628
-0.376789
-0.628866
-0.633200
-0.124711
0.208356
-0.047889
0.055384
0.001553
-0.487424
0.103361
-0.240966
0.090691
-0.295488
0.167852
-0.601588
0.017762
-0.191319
-0.022806
0.158136
0.254416
0.248784
0.096074
-0.339282
-0.155250
-0.310364
0.059523
-0.071654
0.014558
-1.240441
0.007995
-0.117143
-0.021718
0.166141
-0.224966
-0.081677
0.113592
0.049556
-0.084961
0.083659
0.055849
-0.315444
-0.216563
0.222117
0.103030
-0.125260
0.171030
-0.311215
-0.547992
-0.123697
0.169616
-0.024040
-0.279781
-0.252418
-0.231045
-0.108988
-0.011106
0.104407
0.066544
0.119134
-0.513126
0.037306
0.104539
-0.074316
-0.026091
0.078659
-0.824732
0.041406
-0.142196
-0.140386
-0.072492
-0.150849
-0.014314
-0.219986
0.208686
0.136163
0.056024
0.122076
0.093900
-0.039373
-0.404452
0.125019
0.097021
0.032161
0.041760
-0.116239
-0.083597
0.024328
-0.184434
0.065414
-0.181785
0.051407
-0.169479
-0.011774
-0.750254
0.068983
0.050607
-0.100939
-0.036331
-0.219281
0.158375
-0.112254
0.056651
-0.082947
-0.108270
-0.087676
-0.013833
-0.106283
-0.017017
0.148663
-0.128645
-0.115782
0.170198
-0.000055
0.041077
0.086708
-0.269381
0.049311
-0.061107
0.029078
-0.462646
0.075158
0.075482
-0.060409
0.067705
-0.022627
0.002295
0.032058
-0.010953
-0.039223
-0.016465
-0.023106
-0.026891
0.046121
-0.077801
0.052032
-0.102056
0.008800
-0.087776
-0.078362
0.068147
0.136526
-0.054093
0.056899
-0.168934
0.127220
-0.365828
0.115383
0.033302
-0.274851
0.040608
-0.217321
-0.154536
-0.160516
0.035572
0.007689
-0.030991
-0.147662
-0.423625
0.035571
0.012747
-0.084289
0.075471
0.018353
0.026919
0.056486
0.036902
-0.001867
0.020329
0.030498
-0.142009
0.169348
-0.091278
-0.080537
-0.286475
-0.045409
0.080833
-0.193675
0.061838
-0.219229
0.070438
0.003747
0.120649
0.022118
0.020665
-0.014520
0.200459
0.001197
0.053886
-0.186568
0.101120
-0.085841
-0.197979
0.158067
-0.495951
0.119763
-0.394204
-0.147537
-0.038437
0.089090
-0.021051
-0.213060
0.026810
-0.047916
-0.164965
0.000355
-0.031620
-0.304011
0.159331
-0.082732
0.001075
0.066259
0.191951
-0.141397
-0.373568
-0.084582
-0.002026
-0.199523
0.115232
0.036823
-0.029299
0.047849
-0.131745
-0.127509
0.024698
-0.217503
-0.090706
-0.094452
0.008948
-0.016302
-0.114638
0.053459
-0.026500
0.097583
-0.028802
0.027513
-0.137511
0.020152
0.054546
-0.007644
-0.105650
-0.071628
-0.024675
-0.045246
0.034789
-0.066584
0.142645
-0.302564
-0.043896
-0.006210
-0.174881
0.001903
-0.045748
-0.268912
-0.134122
0.099573
0.056427
-0.165416
-0.015112
0.037558
-0.197235
-0.151834
0.145210
-0.180440
0.072327
-0.067987
-0.347910
0.101239
-0.147919
0.200934
-0.043538
0.091274
0.095387
0.013512
0.006538
0.048416
-0.117186
0.143271
0.035018
0.149314
-0.202399
-0.058438
-0.023565
0.088363
-0.248715
0.102838
0.047300
0.021131
-0.110491
-0.027730
-0.135435
0.118189
-0.080956
0.076261
0.004452
-0.077918
0.043734
0.059963
-0.041377
0.009653
-0.285939
0.002413
-0.317089
0.073831
-0.062197
0.145972
-0.499587
0.166611
-0.208763
-0.671426
-0.008354
-0.113733
-0.022537
-0.270906
-0.209760
-0.066395
-0.064537
0.094786
0.069573
-0.346524
0.044082
0.002624
0.110302
-0.042545
0.012687
0.071692
0.113732
-0.031754
0.031562
-0.171102
0.027999
-0.032665
-0.173463
-0.510061
0.086111
0.058402
0.035932
-0.087600
-0.214406
0.077492
0.207364
0.091666
-0.015700
0.021060
0.089612
-0.223700
0.109746
-0.067564
0.095586
0.041850
-0.171701
0.187153
0.030852
0.120772
-0.189760
0.070619
-0.395101
0.037369
-0.159646
0.055561
-0.173438
0.051375
-0.302042
0.097706
-0.600411
-0.060764
-0.022103
0.041105
-0.142139
-0.147383
-0.462442
-0.071770
-0.083831
-0.065647
-0.219263
-0.035044
-0.165194
-0.072891
0.110783
-0.299933
0.194083
-0.525391
0.244516
-0.199304
0.074686
-0.009029
0.235235
0.107674
-0.079403
0.079945
-0.021551
0.169906
0.009381
-0.261962
-0.147197
0.107295
0.061424
-0.048599
-0.315504
-0.117307
-0.283283
0.031431
-0.342866
0.099419
0.035631
0.121389
-0.019668
0.052562
0.064585
-0.197732
0.005253
-0.253312
0.189224
-0.049319
-0.482404
0.026606
0.068128
0.116282
0.042875
0.030295
-0.019383
-0.062830
0.075559
-0.614465
-0.159491
-0.094511
0.020679
-0.125844
-0.036361
-0.124766
-0.112286
0.057991
0.139578
0.161930
-0.101787
0.174648
0.215682
-0.289973
0.032369
0.060283
0.027901
-0.242757
-0.763013
0.157383
0.068579
-0.218903
-0.201409
-0.548924
-0.039946
0.039834
-0.258812
-0.063195
-0.275057
-0.080454
0.060539
-0.148102
-0.102620
0.061305
-0.332008
0.165150
-0.001501
0.219161
-0.502749
0.047477
-0.038490
-0.052563
0.085128
0.036834
0.177434
0.030170
0.075971
0.055943
-0.352557
0.140779
0.092482
0.138660
-0.012927
0.152591
-0.046095
-0.053930
-0.259676
-0.080193
0.168208
0.088047
-0.023624
0.026167
0.073499
-0.099133
0.025025
0.086216
-0.036411
-0.022186
0.230540
0.095517
0.033828
0.205907
0.126823
-0.100214
0.171960
-0.095073
0.014411
0.124384
-0.181391
0.046403
-0.300222
-0.224711
-0.009351
-0.044315
-0.013894
-0.299801
-0.056741
-0.056689
0.198353
-0.513444
0.075643
0.135499
0.202747
0.212066
-0.000232
-0.233728
0.237036
0.023451
-0.067786
-0.136692
0.116866
-0.212973
-0.025969
0.030674
-0.130735
-0.278898
-0.183683
0.173911
0.102361
0.170399
0.008925
-0.191014
-0.424871
0.067947
-0.056880
14.308857
14.485588
5.783326
11.714980
12.506013
5.128278
7.038358
9.238833
9.793274
5.443254
8.457804
0.709855
-0.840199
2.301269
4.851300
0.457326
-0.100449
0.294148
-2.232547
4.451229
3.396579
-0.828182
1.338612
1.096598
0.080005
-0.423668
-0.188387
-1.377907
1.712494
0.112525
1.319797
0.529342
0.656324
1.035832
1.010611
-0.869690
-0.158654
-0.399878
0.922930
0.299613
-0.321880
-1.027695
0.593674
-1.351910
0.583847
-0.054539
0.755470
0.413651
0.794139
0.217887
-1.276622
-0.284915
-0.190233
0.227570
-0.384125
0.751591
0.151536
0.071071
0.323275
-0.105574
0.718749
0.190185
-0.420591
0.546345
0.305469
0.216425
0.575371
0.269387
-0.593512
-0.806881
-0.180825
-0.079288
0.338357
0.389144
-0.546055
0.485629
0.139048
-0.203972
0.841828
-0.469548
-0.788962
0.197257
0.077465
-0.221832
-0.119203
0.003030
0.081216
0.312559
0.665133
0.486147
0.250140
-0.478598
-0.070869
-0.059521
0.101256
0.572440
-0.080406
-0.019065
0.628544
-0.333698
0.010448
0.359399
0.048793
-0.447581
-0.300694
0.177106
0.037973
0.201680
0.091127
-0.057086
0.175792
0.445019
0.582047
-0.238273
0.326187
0.162514
-0.068099
0.160630
0.049508
-0.079297
-0.182849
0.004744
-0.406701
0.199507
-0.113372
0.180733
0.032825
-0.656560
-0.009971
0.316979
0.507813
-0.065773
0.541533
-0.053243
0.267467
0.069104
-0.131647
0.211144
0.154038
0.205332
0.126519
0.378622
-0.522233
-0.176675
-0.032593
0.062345
0.374689
0.109273
-0.074768
-0.327802
-0.374154
0.527669
-0.679395
0.094235
0.131595
0.043145
-0.817669
-0.112549
0.132190
0.186969
-0.032815
-0.012338
-0.222211
-0.038088
0.124194
0.150032
0.054635
-0.646591
0.131950
0.135779
0.105352
0.385123
-0.201837
-0.007743
0.099161
-0.136940
0.164612
0.211601
0.129581
-0.029175
0.063510
0.144838
-0.103523
-0.269259
-0.215437
0.081199
-0.040188
0.050478
-0.125106
0.203986
-0.356109
0.218447
-0.554742
0.081710
-0.069698
-0.001955
-0.313688
-0.088962
0.021654
0.142756
-0.016338
0.224825
-0.055728
0.242904
-0.168533
0.008396
-0.404105
-0.444814
0.131332
0.007987
-0.020326
0.030684
0.078957
0.087170
-0.583370
-0.141245
-0.280640
0.177524
-0.813663
-0.283421
0.074202
-0.601683
-0.150934
0.013480
-0.411351
0.032575
0.021717
-0.124059
0.182021
0.083917
0.112580
-0.268130
-0.025038
-0.418166
0.305479
0.119560
0.123949
-0.039578
-0.096658
0.018088
-0.239907
-0.712446
-0.221871
0.271380
0.044887
0.135858
-0.420443
0.019533
0.137355
-0.318236
-0.240910
0.151453
0.211152
-0.082106
0.062087
-0.078118
0.071294
0.117965
0.133208
0.168750
0.121686
-0.070034
-0.575832
0.016391
-0.060569
-0.374499
0.002300
0.023812
-0.232279
-0.078213
0.031687
-0.506285
0.165288
0.085167
0.152066
0.079958
-0.023657
-0.187207
0.123323
-0.073824
-0.149198
0.123906
-0.015816
-0.219560
-0.332623
0.153892
0.127852
-0.121572
0.115864
0.149109
-0.068286
-0.147526
0.164931
0.108481
0.138640
-0.054471
-0.550721
0.048200
-0.103184
0.028566
-0.286075
-0.182033
-0.068036
-0.065043
0.188601
0.051011
-0.001390
-0.192599
-0.166868
0.116455
-0.140568
0.124205
0.159757
0.001428
0.056495
0.059398
-0.070721
0.100095
0.118973
-0.266543
0.011449
-0.221825
-0.089571
-0.110448
-0.100998
-0.243837
-0.094413
-0.210628
-0.334175
-0.167401
-0.048006
-0.070522
-0.513325
-0.186724
-0.132318
-0.047766
0.048052
-0.241433
-0.121396
-0.127587
-0.060710
0.091526
-0.662773
0.043684
0.133836
0.041670
-0.050679
-0.064450
-0.039862
-0.404938
-0.584837
0.054526
0.103593
-0.168068
0.006865
0.176798
0.008041
-0.002984
0.088872
0.063450
0.085878
0.118687
-0.624124
-0.000161
0.123047
0.044004
-0.093652
0.075857
-0.136253
-0.347671
0.010940
-0.011677
-0.151236
0.046382
0.098205
0.109366
0.016935
0.003498
0.079097
-0.065309
-0.253698
-0.061672
-0.415935
0.035758
-0.131165
-0.329297
-0.008061
-0.032217
0.001056
-0.121876
-0.235393
0.018940
-0.305306
-0.191005
0.140959
-0.231846
-0.046527
-0.028045
0.073949
0.031286
-0.214904
0.185833
-0.149325
0.050858
0.147265
-0.069769
0.143266
-0.113856
0.086543
0.000500
-0.346471
0.056466
-0.460393
0.147185
-0.014786
-0.020114
0.032854
0.017244
0.102941
-0.176220
-0.383264
0.082809
-0.088311
-0.049209
0.076674
-0.205576
-0.261497
-0.045025
0.129204
0.129140
0.028993
-0.369987
0.196974
0.081372
0.091905
0.050401
0.226644
0.085396
-0.013018
0.058649
0.028087
-0.157626
-0.089057
0.077929
0.044278
0.097949
-0.862038
0.087868
-0.170481
0.047765
0.106583
-0.403362
0.116798
0.065539
-0.239909
-0.008283
-0.042936
0.221289
0.063991
0.197374
-0.580357
0.146201
0.030276
-0.204028
-0.116351
0.106197
0.045174
0.045285
-0.029691
0.119677
0.094187
-0.112257
0.138833
-0.135592
-0.092636
-0.084454
0.070314
0.071913
0.085138
-0.173722
0.138547
0.077304
-0.122745
0.107407
-0.120054
-0.108377
-0.112833
-0.021162
-0.151559
0.210358
-0.067089
0.028777
0.003535
-0.014338
0.016204
-0.214238
-0.096894
-0.473746
-0.035719
-0.339270
-0.002616
0.014397
-0.025472
-0.039975
-0.153266
0.124524
-0.256706
-0.143556
0.053796
-0.004236
0.028134
0.007210
-0.187461
0.004158
0.030525
0.009977
0.091822
0.055327
-0.289850
0.070324
-0.560079
0.011396
0.195761
0.067778
-0.031530
-0.076246
-0.188945
0.165574
0.072822
-0.095048
0.128014
-0.199733
-0.168854
0.075643
0.100532
0.207051
-0.049969
-0.123959
-0.257640
0.075354
-1.441855
0.138425
0.043992
0.150571
0.072574
-0.047986
-0.243213
0.161355
-0.110475
0.148100
-0.100333
-0.015722
0.231365
-0.462121
-0.375498
0.166712
-0.074638
-0.047115
-0.003798
0.061533
-0.155072
-0.105345
0.029718
0.029258
0.091246
0.103280
0.015821
-0.036412
0.202122
0.008441
0.230081
-0.040288
0.011496
-0.008050
-0.110862
0.105664
0.008404
-0.272726
-0.841494
-0.550614
0.057905
-0.030626
0.129366
-0.372003
0.050721
-0.100856
0.072262
-0.256707
-0.108483
0.090977
-0.100265
-0.059206
0.107436
0.065476
0.075212
0.225091
-0.009268
-0.043111
-0.219755
-0.220236
-0.162172
-0.255028
0.037180
0.124885
0.083201
-0.163123
0.108002
0.059899
-0.056253
-0.033278
-0.090401
-0.009805
0.004645
-0.100386
-0.441799
0.126489
-0.444574
0.119209
0.108216
0.121161
0.014842
0.061324
0.045316
-0.481003
-0.008378
-0.128517
-0.190365
-1.009582
-0.069939
0.182247
-0.428945
-0.038365
-0.074837
-0.000042
0.195954
-0.039781
0.009338
0.013825
-0.067989
-0.080602
0.022843
-0.023008
-0.206959
-0.130464
0.109331
0.241280
-0.169211
0.027679
0.119006
-0.213877
-0.036629
0.089207
-0.351009
-0.868150
-0.135085
-0.412093
0.065042
0.133325
-0.017676
-0.075315
-0.089360
-0.092482
-0.097479
0.038063
-0.221278
0.246964
-0.190036
-0.035129
0.065767
0.047184
0.053163
0.219443
-0.207111
0.238747
0.069919
-0.085905
0.136771
-0.588266
-0.043877
0.017407
-0.194597
0.010724
0.038216
0.010512
0.034083
0.065243
-0.042178
0.151438
0.160935
0.097864
-0.174245
-0.034648
0.141809
0.170104
-0.336893
-0.137057
-0.301528
-0.134004
-0.348726
-0.068058
0.202415
-0.043901
0.196312
0.119044
-0.087286
0.056617
-0.042122
-0.339392
0.093697
0.018660
0.022745
0.109194
-0.036812
-0.096023
-0.739747
0.069568
0.111460
-0.023960
-0.340174
0.173266
-0.176357
0.114310
0.171537
0.035464
-0.357573
-0.255239
0.045074
0.049909
0.078433
0.114039
0.110238
-0.035974
-0.002395
0.077008
0.038927
-0.296853
0.009026
0.084411
-0.250933
0.095421
0.019965
-0.021310
-0.204301
0.094158
0.114119
-0.032618
-0.089315
0.017887
0.018680
0.135772
-0.008290
0.089257
0.101328
-0.141050
0.087647
0.156851
0.036562
-0.158737
0.008983
0.112378
0.132758
-0.241666
-0.413464
-0.499815
-0.020463
0.121029
-0.312004
-0.044564
-0.156885
0.128300
-0.040395
0.058637
-0.134585
0.128738
-0.043502
-0.110569
-0.143744
-0.193647
-0.020189
-0.018719
-0.111068
0.119884
-0.047765
0.083189
0.119719
-31.898645
-28.699526
-27.617363
-29.289978
-25.055969
-26.647346
-27.858435
-12.609781
-1.150146
-0.035829
-5.362413
-18.689471
-4.561649
-0.087323
1.220675
10.291544
7.685109
6.864862
4.477181
8.198842
1.428105
9.878697
3.851519
12.346527
8.010120
6.633306
9.573241
8.451795
3.076058
4.937921
6.710580
7.369870
7.755469
2.541118
8.405260
3.866931
6.710870
1.944810
5.740524
-0.039206
3.936054
0.592664
2.099229
1.972948
2.797714
0.587081
3.205580
-1.756537
1.553767
-0.082150
0.910720
1.373419
1.967080
2.010795
1.522049
1.089348
-0.831445
-0.713331
0.796793
-1.291407
0.742224
-2.227979
-0.106188
-0.772004
-1.876754
0.897888
0.829126
-1.547286
0.959273
0.961392
-0.377128
0.703455
1.144262
-1.317339
-0.463428
1.220949
0.859280
-0.978978
-2.270284
-1.257617
-0.817712
0.582046
0.022442
-0.314225
0.354512
-0.822768
0.827187
0.836830
-0.646292
0.260328
0.495900
0.437202
0.238244
-0.506081
-0.938622
-0.072762
-0.096955
0.311182
0.738326
-2.168241
0.886481
2.151485
-2.381311
-0.876482
0.127590
1.414144
0.084089
0.801269
0.142576
-1.014580
0.702764
-0.582711
-0.435258
0.836218
-0.328349
0.768038
-1.117140
-0.066877
-0.223103
0.919523
-0.626868
-0.967619
0.319222
0.437530
1.041794
0.819510
-0.225111
-0.933234
-0.661857
0.795292
0.207216
-0.074823
-0.695250
0.233778
0.059586
0.809174
-0.736403
0.732925
0.281326
0.547494
-0.881232
-2.946195
0.718979
-0.238600
0.758019
-0.377322
0.429131
0.630846
0.246258
-0.365195
-1.198966
-0.402338
-0.578366
0.034158
-0.446470
-2.073223
-0.180122
0.574808
-0.633216
0.073979
0.189825
-0.196504
-0.386662
0.245592
-0.878865
0.236460
0.066038
0.146601
-0.507388
-0.443264
0.273414
-0.891915
0.478528
-1.130638
-0.279142
-0.243810
-0.981656
0.370730
-1.596952
-0.273842
-0.532134
0.187580
-0.400865
-0.420669
-0.135389
0.581198
0.249111
0.027328
-0.048189
-0.520045
0.119576
-0.118832
0.165695
-0.531380
-0.491066
-0.345574
-0.061300
0.101942
-0.354277
-1.359384
-0.468766
-0.464501
-0.380071
-0.411555
0.229377
-0.654612
-0.297401
0.266304
0.297293
-0.253692
-0.578020
0.271665
-0.165464
-0.915306
-1.345951
-0.660673
-0.325082
-0.005076
0.045223
-0.384426
-0.200441
-0.631068
-0.315961
0.217346
-0.275549
-0.474098
-1.126835
-0.041077
-0.003266
0.011753
0.206035
0.085863
-0.184278
0.371282
-0.066453
-0.065534
-0.135985
-0.111794
0.166742
-0.049211
-0.275815
-0.192274
0.204736
-0.130024
0.283428
0.052446
-0.001004
-0.519760
0.073460
0.071740
-0.168893
0.213428
0.010754
0.277530
-0.087677
-0.020424
-0.080518
-0.090871
0.099018
0.284285
-0.498145
-0.396826
-0.967932
0.038613
-0.225025
-0.823764
0.122043
-0.036166
-0.402010
-0.264910
0.002828
-0.471674
0.031558
0.092603
0.182884
0.008397
-0.144909
-0.423474
-0.140645
-0.002675
0.077429
-0.087475
-0.028368
0.102441
0.159310
0.013463
-0.705498
0.133910
0.089632
0.196678
-0.459539
-0.033286
-0.277753
0.149458
0.090923
-0.086318
-0.040601
0.102127
0.199875
0.005652
-0.185734
-0.099750
0.278716
-0.213173
0.076699
-0.231644
0.162278
-0.163805
-0.554394
0.252941
0.109146
0.033504
0.132233
-0.006873
-0.136353
-1.071611
0.200747
-0.163278
0.108502
-0.795131
0.114326
0.030544
0.126831
-0.202717
-0.211269
-0.277607
-0.197945
0.314685
-0.345058
-0.095370
-0.027357
-0.363597
0.039023
0.180049
0.099088
-0.009437
-0.569045
-0.119171
-0.557895
-0.146852
-0.005511
0.142580
0.102641
-0.064953
-0.031372
0.179864
0.109469
0.099743
0.197043
-0.145547
0.098459
0.082853
-0.510520
-0.081937
-0.074349
0.124306
-0.789211
-0.501674
0.026294
0.214884
-0.041194
0.057554
-0.852549
-0.196852
0.031400
-0.233916
-0.059242
0.228548
0.121819
-0.100455
-0.639151
0.048655
0.119694
0.044288
0.050710
-0.386748
0.115320
-0.056747
-0.367288
-0.441564
0.195623
-0.334639
-0.700787
-0.555125
-0.047654
0.082051
-0.121607
0.001180
-0.582823
-0.143175
-0.055826
-0.265647
-0.178392
0.093490
0.174063
0.078793
0.276291
0.081154
0.103607
0.103913
-0.130067
0.177788
-0.001685
-0.062768
-0.847009
0.020534
0.002088
-0.041217
0.108829
0.038899
0.200529
0.212723
-0.139073
-0.168833
-0.177640
-0.160764
0.079654
-0.342010
0.192943
0.076032
-0.083950
-0.052426
0.012239
0.191568
0.104148
-0.072848
-0.027548
0.104417
-0.036834
0.091168
-0.769603
-0.893356
0.133224
0.019069
-0.500139
0.178426
-0.054025
0.141755
0.042332
-0.160981
0.256915
-0.013959
-0.001217
0.067495
-0.105022
-0.267571
-0.153569
0.144573
-0.231635
-0.134026
-0.200935
0.163568
-0.111748
0.112032
0.001018
0.164404
-0.149290
-0.883002
0.080194
0.022704
-0.591984
-0.070777
0.233556
0.065793
0.138889
0.128005
-0.298658
-0.021131
0.088148
0.200955
-0.137780
0.240685
-0.139877
0.131454
-0.107242
-0.224338
-0.585782
0.109409
-0.009865
-0.075938
0.091869
0.092837
-0.073814
0.119716
0.167466
-0.241440
-0.488055
-0.080449
-0.057112
-0.218392
0.118027
-0.119351
0.020683
-0.127410
-0.051267
-0.206410
-0.077230
-0.277883
0.366800
0.051749
0.207260
0.066623
-0.126443
0.059624
0.117616
-0.255562
-0.080502
-0.731914
0.282764
-0.075594
0.213052
0.031311
0.091351
0.204174
0.125313
-0.126001
0.211391
0.030831
-0.581114
-0.400598
0.154691
-0.026767
-0.595124
0.195975
-0.150603
0.275545
-0.244536
0.135820
-0.217598
-1.415780
0.135011
0.208979
0.198128
-0.236382
-0.197498
-0.111601
-0.103297
0.356425
-0.018888
-0.035257
0.332165
0.134634
0.206330
0.106881
-0.172192
0.169424
0.179243
-0.195212
-0.350650
-0.266773
-0.202561
0.040562
-0.510628
0.176163
0.066898
0.130828
-0.972975
-1.005948
0.048154
-0.316611
-0.860543
-0.190547
0.184342
-0.055532
-0.061392
0.109195
-0.053191
-0.159509
0.216579
0.117993
0.018723
0.071021
0.097761
0.187525
-0.014086
0.061942
-0.274912
0.152649
0.105062
-0.148198
-0.334223
0.213074
0.257034
0.242551
0.096368
0.156475
0.207338
0.073148
0.018297
-0.318179
0.082430
-0.333663
0.114240
0.182778
-0.186667
-0.179353
-0.721965
-0.077892
-0.020031
-0.000726
0.184560
0.075489
-0.311120
-0.067073
0.096078
0.131792
0.223698
-0.260146
0.161853
-0.221555
-0.062309
-0.640751
-0.038961
0.176945
-0.180789
0.185254
-0.393344
-0.215138
-0.100561
0.108155
0.111820
0.188137
-0.151020
0.225155
-0.193740
-0.023930
0.125499
-0.570666
0.095382
-0.098878
0.176353
-0.719297
0.124563
0.112045
0.122615
0.017615
-0.798646
-0.381104
0.163936
0.012730
-0.010720
0.179419
-0.668036
0.174255
-0.258082
0.065344
0.142436
0.152039
0.194578
0.308129
0.138655
-0.039605
0.106092
-0.031314
-0.068602
-0.257200
-1.233837
-0.035763
0.015104
0.114757
0.092030
0.053439
-0.280619
-0.084995
0.177358
-0.158223
-0.377558
-0.194466
0.039259
-0.296406
-0.058204
0.091252
-0.139583
-0.018082
0.172393
-0.044199
-0.110474
0.162085
0.159913
-0.270889
0.196561
0.057959
-0.037659
-0.156688
0.186673
-0.069687
-0.097656
-0.107914
-0.325548
0.155236
0.108924
-1.063408
-0.007632
-0.071115
0.141156
-0.652881
-0.014529
0.144092
-0.331817
0.165415
-0.180190
-0.121974
-0.068329
-1.011691
-0.078089
0.032167
0.135109
0.191942
-0.037814
0.201607
0.127998
-0.634224
-0.702632
-0.046848
-0.253773
-1.016588
-0.021855
0.206010
0.133809
0.065130
0.065747
0.087503
-0.000222
0.201136
0.270603
0.226611
-0.256258
0.155043
-0.296491
-0.675814
0.161264
0.098614
0.157919
0.118083
-0.359387
-0.235372
0.177154
0.213210
0.071473
0.125721
-0.170299
-1.060336
0.053145
0.135078
-0.117168
-0.126754
0.074526
0.203546
-0.102848
0.077695
-0.493528
0.179924
-0.516961
-0.602813
0.095206
0.090486
0.107798
0.142808
0.062284
-0.141503
-0.327311
0.070411
-1.108284
-0.203217
0.177669
-0.250843
-0.224641
0.026615
-0.033821
-0.349209
0.185587
0.001964
-1.390137
0.090774
-0.717024
0.091910
-0.147185
0.163228
-0.016324
-0.643139
-0.515962
-0.471376
-0.717954
-0.011396
0.011419
-1.131434
-0.846223
-0.002794
-0.060248
0.210209
-0.915468
-2.088140
0.150937
0.099150
0.133871
-0.147420
0.151281
-0.297494
0.272424
0.190793
0.091421
0.119948
-0.224320
0.212250
-0.009082
-0.941879
0.161348
-0.433901
-0.773160
0.019878
0.133664
0.005711
-0.010904
-0.009980
0.091180
-0.288157
0.002954
0.221119
0.204060
-0.217310
-0.477351
-0.306007
0.186814
-0.321211
0.226157
0.069394
0.055472
-0.204764
0.271296
0.334884
0.132867
0.081657
-0.488831
-0.289494
0.027420
0.145503
-0.125526
-0.624513
0.058000
-0.173286
0.131720
0.015809
-0.559656
0.067751
0.163908
-0.842730
0.023123
0.195352
0.191544
-0.457799
0.239404
-0.566823
0.222638
0.113211
0.176951
-0.447798
0.220873
-0.072883
0.155399
-0.327519
0.115871
-0.275211
-0.041200
0.130230
-0.017802
0.010516
-0.011512
-0.633866
0.050057
0.077941
-0.193300
-0.364894
0.104867
-0.065666
0.080774
0.136914
0.046672
-0.063291
0.221059
0.106169
0.144883
0.137992
0.029610
-0.095059
0.287544
-0.208078
0.154906
0.263443
-0.563695
-0.195006
0.142229
0.107607
-0.220924
0.030324
0.287347
0.175375
0.174914
-0.150616
-0.108655
-0.190396
-0.017660
-1.104794
0.168328
0.163527
-0.045117
0.171145
0.156954
-0.237825
-0.019752
-0.281146
0.060517
-0.837250
-0.105454
-0.454787
0.103303
-0.343797
0.018537
-0.108279
0.049774
0.203585
-0.061775
-0.297130
-0.025951
0.184566
0.192206
0.153531
-0.130234
-0.267073
0.175608
-0.393024
0.131667
-0.023893
0.166477
0.234135
-0.346899
-0.982773
0.312097
0.149722
-1.088682
0.215115
0.236254
-0.012347
-0.239936
-0.315322
-0.268642
0.144477
-0.388988
-0.179847
-0.066977
0.007751
0.013863
0.071842
-0.116002
0.258142
-0.658485
0.017311
0.138839
0.208174
-0.116224
0.212194
-0.115955
0.068987
-0.345821
0.065909
0.142123
0.075321
0.293615
0.039895
0.108419
-0.480417
0.227078
-0.103569
0.013418
0.072070
0.173136
0.140692
-0.162248
0.155328
-0.932806
-0.841122
0.051455
0.097284
-0.062518
-0.070554
0.156328
-0.427586
0.237456
-0.904378
-0.171752
0.181697
-0.009855
-0.404406
0.120605
0.145652
-0.031645
-0.362404
-0.151415
-0.339488
0.048365
0.062500
-0.052452
0.196097
-0.316443
-0.146117
0.194785
-0.202255
-0.651447
-0.023012
0.237213
-0.128580
0.176850
-0.412392
0.147270
-0.474728
0.061441
-0.163258
-0.678777
0.142573
0.026810
0.219069
0.141856
-2.087517
0.011166
0.255944
0.051822
0.036479
-0.376727
0.162108
-0.472806
0.121057
-0.273742
0.331308
0.207297
-0.287658
-0.052884
-0.150492
0.090834
0.092739
0.085164
0.051067
0.049148
0.144445
-0.075301
-0.176641
-0.057594
0.014619
0.041098
-0.348511
-0.245292
0.153195
0.130969
0.118745
0.145239
-0.390671
-0.933455
-0.632848
-0.128079
-0.363475
0.118874
-0.572690
-0.594228
0.134368
0.170795
-0.682020
-0.469889
-0.284312
0.082926
-0.025335
0.180592
-0.092268
0.003731
-0.148383
-0.533643
-0.027388
0.038825
0.102755
0.118093
0.101464
-0.049793
-0.022813
0.080014
0.030635
0.117361
-0.142160
0.037001
0.077797
-0.228442
0.137864
0.131602
-0.251883
0.180700
-0.144573
-0.331127
0.120724
0.009446
-0.066513
0.143191
-0.614486
0.105324
-0.611971
-0.337899
0.284198
0.106013
-0.019838
-0.877059
-0.103404
-0.381891
0.110210
0.144258
0.018534
-0.063442
-0.377501
-0.166094
-0.069139
0.006143
0.018704
0.128711
-0.659909
-0.041868
-0.248059
0.016325
0.177261
0.070977
0.038748
-0.112256
-0.141030
-0.351345
-0.648613
-0.482580
-0.062675
-0.216683
0.096855
-0.454566
0.110337
0.002338
-0.025873
0.136660
0.095446
-0.333525
0.119655
0.092304
-0.397847
-0.773951
0.085265
0.088954
-0.023624
-0.287753
-0.105724
-0.432545
-0.466532
0.173961
-0.319405
0.164688
-0.189078
0.030879
0.108324
0.138824
-0.622771
-0.019240
-0.740662
0.143937
-0.409966
0.018660
0.053256
0.139509
0.105935
-0.608985
-0.133277
0.130258
-0.573236
0.043755
0.163748
-0.231557
-0.163426
-0.031021
-0.815875
0.174737
0.224500
-0.030739
0.015046
0.025419
-0.307223
0.083940
-0.577578
-0.733767
-0.055109
0.059185
-0.079398
-0.064022
0.111620
-0.414739
0.109774
0.140252
0.079211
0.177805
0.003750
-0.028158
0.124900
-0.385066
-0.110096
0.139611
-0.792796
-0.401129
-0.124461
0.048375
-0.306433
0.001674
-1.102650
0.121557
-0.110564
0.147784
-0.110162
0.128870
0.079194
-0.493034
-0.641783
0.023302
0.092202
0.130394
-0.310830
0.060246
-0.415905
0.084424
0.018162
-0.142916
-0.069468
0.065131
0.075335
0.109175
-0.057303
-0.243796
-0.598611
0.092746
0.148286
-0.093364
0.107172
0.006385
0.182334
0.001332
0.179896
-0.107568
-0.208042
0.105168
-0.200970
-0.040402
-0.328953
0.047870
-0.001263
0.081874
0.162008
0.099319
0.050916
-0.215979
0.097077
-0.522610
0.095026
0.114981
0.015333
0.160923
-1.050652
-0.040404
0.241312
-0.076265
-0.088344
0.148160
0.121510
0.133181
0.021228
-0.031579
0.179340
0.217201
-0.211046
0.117876
0.208817
0.123011
0.074094
0.008050
0.126883
0.123987
-0.594071
-0.081280
-0.199702
-0.086145
-0.043806
-0.020624
0.099779
-0.021324
-0.110779
-0.180998
0.147481
-0.088894
-0.012350
0.224664
0.007114
-0.148263
0.065976
0.104255
0.051090
-0.630418
0.226088
-0.564483
-0.068512
-0.317729
-0.406549
0.128664
0.103128
-0.596394
-0.487358
0.069243
0.076825
0.145583
-0.067802
0.146060
0.017744
-0.029206
0.109568
-0.303828
-0.019012
-0.396280
-0.537306
-0.056583
11.346877
16.035515
17.222981
14.500142
13.772273
15.283431
9.415731
12.955149
8.128345
6.018626
6.282507
4.170756
5.277778
5.320961
4.555788
-1.450078
2.731262
6.673185
2.737707
5.343696
0.066958
2.424288
1.746017
2.243338
-0.759815
-2.258864
1.020213
2.137673
0.779542
