39.466592
99.372207
99.760723
58.774106
35.660854
84.679590
18.503551
54.706836
13.449586
44.498081
12.279072
37.928154
18.025957
38.560918
10.713561
30.572917
9.618946
11.906686
33.876482
7.790033
7.127563
14.615488
9.234886
7.509358
13.043528
9.856799
7.502720
5.857299
6.888245
10.295039
9.213808
5.048898
7.780369
5.325909
6.163352
5.733033
5.537430
3.178764
4.095921
4.746311
3.426493
3.241195
5.905692
3.121811
2.701267
3.390015
2.613845
3.583666
2.615294
2.725580
7.864449
2.435417
4.034694
2.802808
3.040351
1.895965
2.396186
1.982528
2.909363
2.552347
2.872346
2.201035
2.301060
2.315231
2.869302
1.941809
1.688331
2.320470
11.464766
2.622241
1.904766
3.529535
2.329088
2.307213
2.411662
1.318090
1.918782
1.576637
1.570536
1.529174
1.893858
2.581961
2.581297
2.994036
1.783442
1.933119
1.377700
3.172917
1.542795
1.213996
2.691632
1.334148
1.958290
3.512455
4.197160
2.839235
3.918994
1.931464
1.588782
8.066857
5.658221
2.248434
0.947485
3.541921
1.233832
0.994574
1.642259
4.248675
2.347334
1.737751
0.743793
1.400705
1.463030
2.068635
1.352683
1.342059
0.886995
1.076433
1.726498
1.573295
1.914254
1.590360
1.483343
1.147604
1.129510
2.472014
0.821799
1.390563
2.515963
0.927282
0.927106
2.737972
3.336927
4.843120
1.195386
0.957741
2.307631
1.148090
1.836534
1.854330
0.956401
0.775489
1.088174
1.748891
2.855070
0.821868
4.036309
1.666436
0.803894
4.289068
1.786440
1.791357
4.001169
1.204516
1.404776
5.055885
3.387178
0.756546
2.159354
1.093155
0.606882
5.499844
2.482985
1.277431
1.536882
1.271153
1.044773
0.898485
1.397074
3.605280
1.094926
2.448980
0.717891
0.928786
2.856454
1.608576
0.906044
0.677317
1.876749
3.197309
4.003734
0.906172
2.691321
1.145462
2.988292
1.446199
0.594987
1.195316
1.149615
1.875525
1.196607
0.992620
2.533099
0.579812
1.991516
1.259050
0.993522
1.049811
1.366113
1.034776
1.072185
0.931527
1.115325
0.914209
0.500305
0.750224
0.664487
0.642967
3.673795
3.673795
0.645697
0.511811
1.699533
0.564246
0.763327
0.516905
1.510104
1.080230
0.625869
0.828542
1.923077
2.386555
0.407224
0.999857
3.157996
0.660729
0.750799
0.876711
1.021142
1.712212
0.854184
1.062153
0.635037
1.612194
0.808148
1.138224
1.477414
0.867406
0.481162
0.466437
1.088023
1.663468
0.920129
0.883356
0.933585
1.273692
0.945717
0.918223
1.243625
0.427001
0.538293
2.319051
0.682607
3.970637
1.516912
1.867025
0.655890
1.081343
1.205616
1.589142
0.384612
0.605925
0.876650
0.874815
1.682311
0.299349
0.449652
0.803699
0.411008
0.658884
0.373547
1.029222
0.369772
0.544807
1.212686
0.425009
0.379306
1.749217
1.624085
1.051580
1.116324
1.004494
0.253266
0.370847
1.538312
0.283195
0.692160
0.233143
1.938039
1.276645
0.327854
0.307397
0.773032
0.259861
0.867647
1.076257
0.390704
0.655938
0.878778
1.049102
0.267806
0.435861
0.491816
0.877076
0.499925
0.660805
0.995613
0.554893
1.337117
0.284416
1.586416
0.226194
1.332023
2.137415
1.221633
4.949535
1.269205
0.425283
0.942957
0.327272
0.419020
0.320515
0.273062
0.819739
5.410281
0.436209
0.341351
0.215874
2.622277
0.676762
0.673757
0.462719
0.216771
0.199757
2.369214
0.259228
0.935223
0.197443
3.036072
1.977777
0.241937
4.594660
0.447830
1.865447
1.853704
3.052514
0.398987
0.913463
2.813263
1.434812
0.295849
3.534232
0.254189
1.141281
0.808424
0.317052
0.229991
0.193931
0.299501
0.227979
0.488315
0.130391
1.318604
1.345123
0.867057
3.869548
0.873188
2.141031
0.194626
0.567576
0.171582
0.774350
0.228486
0.707015
0.262141
0.591666
0.372759
0.825533
0.637435
0.224237
0.163218
1.049698
1.805374
0.262487
0.257623
0.686264
0.185849
0.137842
0.338229
0.446621
1.876200
0.198853
0.451815
0.230619
0.401515
1.419577
0.676072
0.879236
0.425689
0.214251
0.651876
0.360442
1.959906
0.298857
0.432050
0.132597
0.249446
0.346629
0.544442
0.260265
0.268487
0.343894
0.577666
0.247002
0.410778
0.259113
0.439777
0.074855
0.968724
0.321061
1.366380
0.163874
0.646434
0.234400
0.343411
2.074843
0.295302
0.940721
0.136411
1.161878
1.277603
0.159372
0.516708
0.388916
0.651380
0.427863
0.147099
1.043602
0.528731
0.157692
0.952508
0.101361
0.212037
0.543280
0.212459
0.119343
0.215424
1.316004
0.399123
0.135910
0.879251
0.096539
1.485263
0.210926
1.446331
0.169369
0.815057
0.571190
1.579433
0.165335
0.432422
1.189030
0.359865
0.316576
1.006376
0.231845
1.078400
0.121006
0.879133
0.782191
0.275615
1.120335
2.066005
0.313934
0.165800
0.169608
0.333444
0.522611
0.185882
0.313570
0.479889
0.339156
1.245458
0.168016
0.199933
0.497553
0.527009
0.242913
0.303312
0.326420
0.081739
0.140983
0.617154
0.142169
0.413679
1.053827
0.484035
0.313815
0.340610
1.177279
0.040331
0.218326
0.227513
1.435740
0.122061
0.107921
0.094321
0.375118
0.280763
0.166840
0.105612
0.668384
1.584694
0.921603
0.050435
0.175789
0.265604
0.144767
0.258250
0.717336
0.280152
0.574681
0.163932
0.428887
0.035199
0.164510
0.273796
0.246089
1.530215
0.592831
0.217216
0.168777
1.508127
0.211947
0.423244
0.072327
0.513985
0.146677
0.236991
0.177888
0.794023
0.046675
0.151310
0.478795
0.126531
0.138900
0.161859
0.810930
0.381472
1.008593
1.196213
1.249347
0.052116
0.866115
2.386230
0.263336
0.507472
0.160537
0.279056
0.594374
0.130752
0.096439
0.152950
0.695009
2.120946
0.366039
1.508764
0.248657
0.548246
0.471141
1.541751
0.245367
0.186897
0.511245
0.707242
0.091963
1.268372
0.309004
0.185718
0.197526
2.299431
0.493189
0.297981
0.293891
0.075748
0.159984
0.067266
0.927829
0.531724
1.683029
0.176959
0.174227
0.247487
1.139049
0.426612
1.404468
2.727292
0.189664
0.218667
0.174407
0.021769
0.512717
0.220561
0.160500
0.284647
0.182442
0.162709
0.143415
0.288019
0.263403
0.616834
0.022019
0.155824
3.203762
0.424729
0.187667
0.451080
0.851809
0.156326
1.490647
1.054416
0.133219
0.244692
1.617448
3.654782
0.725904
0.380801
1.390672
0.012936
0.178174
0.207199
0.950129
0.141159
0.746395
0.218209
0.179038
2.468131
2.306136
0.180133
0.734832
1.625502
0.386733
0.218528
0.606851
1.178536
0.222392
0.108485
0.480655
0.412669
0.320523
0.145127
0.205637
0.176810
0.257969
1.487456
0.251595
0.504170
0.406247
0.236327
1.017683
0.268311
0.182010
0.527998
0.054556
0.159510
1.432536
0.172119
0.155940
0.647879
0.215810
0.928528
1.132330
0.753366
0.176006
0.560464
0.819200
0.246386
1.104203
0.364760
0.474084
0.467068
0.158580
0.170477
0.063869
1.357414
0.337248
1.778848
0.295785
0.449924
0.185602
0.117905
0.567992
0.083639
0.453010
0.159228
2.270891
0.305383
0.082033
1.670664
0.301640
0.117188
0.443625
0.685763
0.212146
0.156876
1.022181
1.006882
0.227301
0.750117
0.232508
2.350130
0.846701
0.908786
0.441015
0.307007
0.139854
1.006131
1.347325
0.091463
0.048360
1.755101
0.307515
0.155468
0.119094
0.150625
0.084899
0.563431
0.244544
0.361681
2.143429
1.564549
0.052136
0.377556
2.358390
0.163204
0.337754
0.131895
0.189765
0.219301
0.705419
1.282159
1.316351
0.236627
0.202234
0.601688
0.785291
0.401562
0.209712
0.272720
1.030327
0.305932
2.412402
0.251451
0.222582
0.751289
0.808477
0.173281
0.187774
0.310145
0.457284
0.020250
0.083915
0.781129
0.380526
0.344268
0.339562
0.181180
0.304491
1.212428
0.163823
0.836112
3.004687
0.461842
0.169244
0.192839
0.210334
0.462757
0.157663
0.700599
0.424665
1.663299
1.271271
0.429213
0.178335
0.180156
1.261799
0.234854
0.124069
0.855632
1.066883
0.380038
0.163423
0.512347
0.075689
1.267396
0.582247
0.570386
0.212136
0.054625
0.164003
1.086279
1.445647
0.636764
0.381271
0.359402
0.387536
0.138315
1.288777
1.602055
0.421522
1.100709
0.134002
0.036583
0.690728
0.563369
0.171427
0.303656
0.025537
1.328568
0.239530
0.430337
0.434962
0.165611
0.807562
5.280960
1.191350
1.785214
2.055981
2.209314
0.408447
0.242373
0.909978
0.170605
0.245453
0.392756
0.363339
1.166989
1.044583
0.449149
0.182361
0.226598
0.176019
3.546455
0.268030
0.528849
0.204094
0.253674
2.909689
1.595241
0.235156
0.581828
0.107900
0.794643
1.615817
0.602445
0.566647
0.248581
0.067181
0.204762
0.163052
0.051540
0.618352
1.251288
0.151504
0.036731
0.301719
0.567307
0.652476
0.629452
0.249936
0.179300
0.607580
0.566620
0.047062
0.327068
0.222331
0.109437
0.791685
0.313183
0.251712
1.988629
1.172425
0.153240
0.068917
0.071967
0.189604
0.955818
0.443652
0.239502
0.391960
1.481850
0.174960
0.051968
0.333850
0.156517
0.190543
0.149599
0.206864
0.394667
0.096134
0.103751
0.356258
0.548006
0.261433
0.128573
0.024774
0.256924
0.086561
0.200539
1.593749
0.141628
0.163145
1.311129
0.091964
0.176626
2.045709
0.045593
0.109406
0.293602
1.117032
0.844218
0.151163
0.154590
0.495855
0.166355
0.079802
0.119824
0.177083
0.045270
0.570148
0.723397
0.200786
1.158008
0.238289
0.036127
0.242132
1.114527
0.152760
0.075382
0.120073
2.390844
0.075882
0.053191
0.310163
0.040783
2.275374
0.399693
0.205679
0.429568
0.188389
0.008465
3.728514
0.815075
0.032885
1.626364
0.227443
0.559772
0.346102
0.545115
0.081011
0.690252
0.041285
0.057796
0.735395
0.158025
0.366108
3.918262
0.098103
2.641649
0.305399
0.613533
0.149492
0.167984
0.169217
0.127824
0.208475
0.585979
0.915478
0.261877
2.153100
0.324004
0.815326
0.168492
0.947997
0.183757
0.369213
0.164634
0.309683
0.075554
0.055098
0.444707
0.092013
0.583144
0.568480
0.081337
0.079154
0.315260
0.259166
0.571948
0.240227
0.182403
0.087593
0.248404
0.007718
0.182304
0.208301
0.134353
0.122033
0.149025
0.218102
0.333816
0.169185
0.490063
0.134152
0.074439
0.186299
0.261930
0.352803
0.510046
2.051685
0.166581
0.080551
0.149814
0.038387
1.263006
0.167382
0.254082
0.078882
0.159584
0.299289
0.408431
1.208855
1.702903
1.222832
0.507370
0.089753
0.215815
0.012194
0.064587
0.224924
2.692701
1.326682
0.141503
0.125058
0.438210
1.008969
0.155186
0.178220
0.148702
2.121576
0.742433
0.068993
0.156259
3.697654
0.637278
0.668820
0.732998
0.711695
0.235291
0.214088
0.011216
1.166022
0.172843
0.211999
0.544230
0.746255
0.087934
0.031037
0.162049
0.035840
0.679257
0.680678
0.149854
0.459231
0.088946
1.775299
0.204083
0.222301
0.164783
0.160974
0.213979
6.782044
0.682820
0.218351
1.990952
0.178725
0.601049
1.996170
0.154720
2.712169
0.206670
0.903870
0.163098
0.255214
0.138953
0.193193
0.370760
0.186556
0.175761
1.396449
0.155345
0.217087
1.838102
0.317328
0.195907
0.309350
0.141297
0.208520
0.134185
0.088655
2.056075
0.320171
0.129495
0.263964
0.181698
1.140990
0.594877
0.489066
0.083339
0.088234
0.200039
1.783899
2.221437
0.245928
0.244869
0.072802
0.146576
0.070418
0.168100
0.292040
0.646776
0.143272
0.348041
0.163338
0.338471
0.726130
0.474346
0.688055
0.602674
0.390983
0.310946
0.159432
1.879829
0.455460
1.932918
0.158863
0.369066
0.118862
0.605357
0.156915
0.590483
0.681424
0.716245
0.868440
1.409527
0.141799
0.729684
2.023618
1.079939
0.175160
0.169762
0.299791
0.093230
0.306014
0.153098
0.655896
0.147382
0.431741
0.120887
0.200219
0.175607
0.061611
0.501503
0.824930
0.234638
1.761418
0.101433
0.196914
2.204220
0.278040
0.055566
0.462817
1.105388
0.256025
0.096173
0.034047
2.076973
0.269548
0.583038
0.626032
0.204694
0.511795
0.261710
0.129713
1.232551
0.171098
0.396329
0.890879
0.183710
1.011361
0.223486
0.042307
1.677914
1.295776
0.665737
0.085665
0.410466
0.114517
0.063526
0.903519
0.061750
0.648525
0.055210
0.426655
0.890996
0.013543
1.322109
2.207852
0.153140
0.163429
0.388674
0.417684
0.207616
0.704138
0.250753
0.193697
0.250589
0.691977
0.234153
1.812905
0.207339
0.093514
0.017547
0.153467
0.530836
0.178831
0.089130
0.164493
1.837915
0.231519
0.346419
0.231760
0.167339
0.363600
0.317364
0.325541
0.764003
0.457393
0.047664
0.136885
0.149212
0.709716
0.177719
0.213784
0.552250
0.151022
0.879433
0.141012
0.164078
0.220302
0.119524
0.043431
0.038435
0.124016
3.567731
0.149643
1.216724
0.737695
0.250012
3.084188
0.249523
0.443449
0.128497
0.077871
0.197230
0.817632
0.656174
1.762483
0.385498
0.169426
0.056343
0.200405
0.285332
0.070402
0.204948
0.105384
0.757865
4.382233
0.639015
0.011654
0.054117
0.290501
0.159288
0.451994
0.086340
0.608724
0.074781
0.376659
0.120677
0.214060
0.633601
0.432226
0.594643
0.678285
1.073615
0.274744
0.191308
0.156380
1.060966
0.091688
0.755392
0.140658
0.175631
0.124157
1.737851
0.191810
0.162496
0.358364
0.420618
1.097184
1.446862
0.370082
0.026211
0.165163
1.462233
0.323261
0.328508
0.319613
0.159162
0.154258
0.037638
0.137603
0.805387
0.191297
0.273480
0.400173
0.118822
3.115131
0.673351
6.386484
0.111183
0.402809
0.752992
0.021143
0.274831
1.286633
1.400218
0.665701
1.442818
0.154118
4.149102
0.134459
0.244342
0.237674
0.290654
0.611607
1.155929
1.042994
0.114429
0.020162
0.690387
0.174745
0.261353
0.309038
0.160591
0.809290
4.956554
1.686942
0.167162
0.222691
2.392214
0.735216
0.011091
0.387275
0.137523
0.121544
0.404842
0.049993
0.118796
0.154822
0.091722
0.607112
0.382397
0.468355
0.094773
0.466305
0.085310
0.777016
0.256558
0.196938
1.012958
2.250142
0.063323
0.933443
3.359142
0.144886
0.704879
0.052440
0.191462
0.880176
0.058178
0.260896
0.522356
1.310252
0.223204
0.195418
0.408902
2.221180
0.174815
0.242763
0.155774
1.241731
0.158622
0.199254
2.065099
0.169424
3.227927
0.637675
0.102241
0.190772
0.289905
0.173120
0.780041
0.193264
0.475496
0.704393
0.143823
0.617829
2.501947
0.078021
0.175173
0.282293
0.055718
0.315512
2.974429
0.311039
0.230326
0.353020
0.270810
0.857207
0.072929
0.170654
1.524029
0.212147
0.067679
0.325666
0.142289
1.347960
0.146085
0.297199
0.156848
0.786186
0.277470
0.182423
0.100432
1.396124
0.275256
1.173946
0.388756
0.202298
0.400006
0.686575
0.242789
0.164849
0.708870
0.152964
0.026919
1.707692
0.073604
0.290256
0.378035
0.067125
0.261563
0.634762
1.491320
0.161044
0.180066
0.133533
0.407423
0.148893
0.243501
0.158299
0.264708
0.032042
0.293976
0.906053
0.055674
1.219945
0.175886
0.155154
0.148780
0.048548
0.815079
0.564812
0.187221
0.183484
0.389389
0.156377
3.588636
0.277085
0.068360
0.861534
0.301592
0.163795
0.409566
0.166557
0.561261
0.269206
0.083447
0.839531
0.353731
0.311617
0.424898
0.690375
0.056490
2.212822
0.265398
0.139069
0.427880
0.284554
0.288624
0.102220
0.426342
1.262832
1.659992
0.146323
0.164948
0.574410
0.166591
0.443064
0.159037
0.212922
1.029745
1.095279
0.100451
0.191406
0.817945
1.426921
0.143003
0.183215
0.246803
1.508392
0.237673
0.166273
0.225120
0.504939
1.110961
0.305509
0.487265
0.486120
0.593053
1.274073
0.192649
0.879068
0.815590
0.130483
0.481350
0.169695
0.257134
0.354432
0.599823
0.237837
0.916048
0.386257
0.332962
0.380190
0.130277
0.266059
0.025412
0.021623
0.060481
0.406891
1.383615
0.288201
0.203582
0.399808
0.125353
0.276649
0.484605
0.168159
0.105640
0.734003
0.074821
0.078544
0.182111
0.210237
0.961129
0.846090
0.218282
0.464553
0.325014
0.118130
0.531678
1.455494
0.285060
0.684725
0.221910
0.225656
0.409908
0.791896
0.171369
1.483673
1.108573
0.107242
0.091760
0.975864
1.796549
0.178621
1.834007
0.264340
0.064658
0.248955
0.119724
0.520606
0.586761
0.238506
0.128570
0.190357
0.152285
0.774375
0.370208
0.045081
0.233164
1.640629
0.178205
1.348369
1.991488
0.199914
1.120896
0.801023
0.717424
1.332541
0.182047
0.535107
0.157657
0.068256
0.972991
0.190256
0.174073
0.076202
0.488660
0.157332
0.258699
3.036897
0.525667
1.151737
0.231234
0.171589
0.691372
0.786583
0.360888
1.756760
0.288288
0.544578
0.056833
0.178755
0.081372
1.201235
0.835225
0.914525
0.061513
0.195944
0.916850
0.136054
0.372194
0.154284
0.739683
0.680698
0.450378
0.411861
0.181579
1.663475
1.159895
0.221278
1.950962
0.557650
0.272301
0.383601
0.593246
0.699816
0.165698
0.665735
0.258183
0.435022
0.434544
0.191500
0.322429
0.201153
0.234639
0.816216
1.318649
0.168154
0.157580
0.183634
0.031179
0.166833
0.200907
0.331310
0.725217
0.180827
0.815452
0.026298
0.177846
0.199364
0.291468
0.160672
0.301234
0.278118
0.014493
3.177729
0.906750
0.613894
0.970900
0.881061
3.627556
0.169105
0.386006
0.890238
0.053716
0.580914
0.091506
1.753826
0.180650
0.057627
0.526652
0.153375
0.287604
0.364277
0.142771
0.176734
0.065060
0.158265
0.156658
0.148529
0.166002
0.183898
2.210477
0.187633
1.839547
0.247101
0.159430
0.262584
0.163993
0.409715
0.077859
2.472766
0.146431
1.783593
0.749198
0.238481
0.485912
0.041186
0.136611
0.523066
0.979890
0.042521
0.050647
0.136490
0.068026
0.399197
0.191313
0.523270
0.274718
0.071101
2.095069
0.675447
0.862264
0.270708
0.191862
0.098687
0.712007
0.193051
0.026913
0.420652
0.025264
0.775238
1.842894
0.099321
1.050239
0.201809
0.405458
0.256274
0.838877
0.327256
0.178152
0.063238
0.026563
0.232217
0.770966
0.160051
0.159703
0.114787
0.141524
0.147892
0.129444
1.735356
0.195429
0.141614
0.173962
3.228280
0.300803
0.021710
0.260324
0.172337
0.151219
0.353860
0.141317
2.130919
0.092716
0.392587
0.366195
0.518564
0.182000
0.594056
0.966326
0.145132
0.710488
0.170187
0.055240
0.042292
0.072544
0.418843
1.851782
0.140659
0.147398
0.041863
0.171407
0.039904
0.216028
0.780440
0.592824
0.428159
0.248182
1.907586
0.248018
2.050640
0.205150
2.426024
0.166952
0.185187
0.162704
0.060029
0.110231
1.087890
0.934778
0.107949
0.388626
0.836207
0.199839
2.003899
0.039700
0.473840
0.074683
0.192181
0.152555
0.096787
0.526719
0.221474
0.053487
0.697311
0.153472
0.697159
0.222375
0.160283
0.462039
1.995495
0.150138
0.479168
0.179349
0.472311
0.320740
0.273289
0.067982
0.053982
1.269522
0.521654
0.155335
0.136000
0.577043
0.184267
0.326105
1.109136
1.112327
0.847834
0.058708
0.712075
0.074447
0.762239
1.388100
0.250295
0.091224
0.137107
0.109048
0.140107
0.361234
0.039802
0.540800
0.570051
0.336171
0.299505
0.241763
0.139981
0.203251
0.397732
0.167191
0.148084
0.052538
0.753210
0.441413
0.376740
0.168564
0.963744
0.455939
0.244359
0.698603
0.423735
0.233757
0.098533
0.413859
0.922197
0.220594
0.116968
0.066573
0.181241
0.625815
0.468141
0.048439
0.161408
0.273894
0.051736
0.299741
0.888933
0.366321
0.118927
0.154294
0.141757
0.262344
0.131979
0.237669
0.742242
0.116415
0.845154
0.209547
0.045533
0.211401
1.048707
0.057689
0.343325
2.516187
0.883475
0.149370
1.269868
0.289826
0.415121
0.760246
0.785151
1.501775
0.572079
0.372118
0.106723
0.840459
1.022669
0.195504
0.072257
0.110286
0.030303
0.218701
0.286600
0.424596
0.270518
0.147577
2.334923
0.323658
0.945203
0.111807
0.281641
0.160420
0.125872
0.033954
2.870251
0.670574
0.151210
0.026298
0.138953
0.324682
0.336208
0.259525
1.499680
0.268159
0.884060
0.183173
1.161641
0.500560
2.101622
0.178950
0.331122
0.100085
0.200223
0.379191
0.151098
0.335162
0.577939
0.169067
0.430535
0.075379
1.027081
0.148722
0.057109
0.668124
0.204272
0.198782
2.856519
0.076099
1.050619
0.513378
0.178466
0.412726
0.213533
0.921832
0.224581
0.073428
0.203777
0.163628
0.281156
0.199537
0.056620
0.545305
0.259918
0.349220
1.813631
0.194501
1.029105
0.076031
0.264508
0.147837
0.701722
0.447614
0.239012
0.126231
0.071160
0.356615
0.253142
0.313232
0.200862
0.319342
1.346626
0.407339
0.215686
0.148042
0.136602
0.148205
0.167901
0.050235
0.170073
0.171578
0.244799
0.195920
0.159941
0.477762
0.422968
2.884047
0.964980
1.792121
0.392531
0.099284
0.514813
0.412712
1.690465
0.254758
0.039945
0.164225
0.181849
0.289332
0.387990
0.458515
1.297066
0.096620
0.553945
0.190090
1.768066
0.605812
0.029356
0.149890
0.159746
0.243438
1.548996
0.167794
0.510379
0.312755
0.127339
1.040936
1.001138
0.111370
0.137783
0.231882
0.206948
0.233778
0.264103
1.807067
0.599754
0.018165
0.195932
0.122740
0.158967
0.267907
0.277792
0.533552
0.639554
0.100958
0.679558
0.150506
0.272663
0.053488
0.179071
0.259525
0.308584
0.156629
0.166597
0.223984
0.465684
0.149683
0.298479
0.103157
0.020530
0.190377
0.185690
0.085575
0.292686
0.107059
0.157136
0.300032
0.353304
0.519662
0.384792
1.166093
0.169351
2.288414
1.373609
0.253249
0.875957
0.040197
0.463943
0.891581
0.024209
0.241688
0.150983
0.586982
0.452367
0.028036
0.273902
1.744409
0.376862
0.087297
0.044544
0.707653
0.168640
0.131015
0.520167
0.723736
0.772368
0.591988
0.492280
0.044018
0.258075
0.551945
0.228463
0.063556
0.240795
1.238858
0.202539
0.169678
0.317274
0.157377
0.147673
0.161132
0.211891
0.155593
0.186388
1.632010
0.129674
0.206517
0.396484
1.116658
0.160374
2.233831
1.338364
0.617507
0.148639
0.165934
0.326641
0.125024
2.479259
1.421843
1.180197
0.553343
0.195807
0.215376
0.848717
0.162661
0.062602
0.110093
0.030576
0.146580
0.186727
0.055336
0.551654
0.169988
0.754804
0.259996
0.380547
0.200837
0.256501
0.151899
0.186639
0.207191
0.028909
0.726306
0.194355
0.758972
0.532057
0.316568
0.093280
0.206763
0.063800
0.029994
0.318186
0.178078
0.055065
0.069077
0.039529
0.250935
0.540493
0.794595
0.445897
0.203186
0.346731
0.237308
0.041733
0.140901
0.270796
0.357521
0.070341
0.293713
0.848845
0.354734
1.267556
0.125220
0.480489
0.764493
0.572962
0.814853
0.967011
0.190151
0.051846
1.184229
0.143423
0.115078
0.844853
0.353442
0.523064
0.384916
0.089145
0.110252
2.114195
0.102808
0.570042
1.911856
0.117200
0.145598
0.236868
0.176644
0.201539
0.512427
0.222376
0.814022
0.158409
0.155616
0.095470
0.038980
0.242261
0.108060
0.228662
0.024932
0.172101
0.265968
0.919474
2.916698
0.471803
0.727540
0.113793
1.828449
0.155078
3.151159
0.541203
0.173600
0.428190
0.657572
0.470920
1.135066
0.067507
1.053400
0.683023
1.128618
0.083807
0.100130
0.674351
0.170144
0.205061
0.020278
0.511761
0.159582
0.145701
1.095643
3.886385
1.045494
0.116780
0.817406
1.005329
0.752341
1.638965
0.023439
0.390890
0.476193
1.627282
0.179028
1.113418
0.260644
0.074998
0.069407
0.233171
0.492389
0.062019
0.543922
0.972720
0.487542
0.371546
0.535434
0.016540
2.411303
0.130148
0.063451
0.239382
1.405888
0.178939
0.160115
0.156675
0.391895
0.166671
1.280795
0.157862
2.082694
1.509136
1.024173
0.310118
0.047843
0.182811
0.042850
0.551067
48.722578
98.684512
58.975327
47.313350
46.659619
72.309600
73.523740
89.334512
17.317030
13.212386
13.244438
26.288032
97.751572
100.409209
51.860889
69.207803
54.231875
73.319204
64.524727
25.286326
65.306479
14.377512
37.954631
18.902749
44.197744
18.248955
20.223046
13.151105
17.755216
7.577807
14.299076
10.758320
11.849631
10.749958
16.818684
7.818705
12.725627
10.662864
5.393206
4.417627
8.388100
6.226719
6.129211
7.146095
6.596703
5.025624
3.276277
4.901813
5.912991
4.444033
4.562579
4.321141
3.176276
8.119753
7.448409
8.588350
2.947354
4.229709
2.484551
2.535256
2.956862
1.905797
10.542004
2.425560
10.161563
5.195728
3.763762
2.811906
1.976694
2.952592
4.177095
2.151521
2.776688
4.048681
3.150084
3.572405
3.871976
8.411298
6.042481
3.061951
1.628997
3.292317
2.166171
4.201619
2.523199
1.460821
7.428176
2.371086
5.439087
6.428763
2.085189
2.374893
4.931244
3.068674
3.568988
1.019746
1.407158
1.897252
2.534583
1.479899
3.668385
5.047612
2.142905
2.373365
2.695352
17.169316
1.962339
2.722806
1.674559
2.287204
2.181819
2.039152
2.963268
3.940794
1.584542
2.931216
1.403218
1.888733
1.793109
1.432083
1.419057
3.023037
3.356574
3.773544
1.461451
1.523605
2.486814
2.456418
1.806197
11.161160
1.294943
1.177717
1.871236
1.844002
1.008369
2.106657
1.131331
1.058938
0.919683
1.644931
2.104291
1.972732
0.755285
1.365073
2.607220
0.972334
2.756493
1.141211
0.806950
7.718591
1.689996
4.876240
5.475914
7.571497
1.858353
1.602648
1.275750
0.918178
0.699668
1.010809
1.614080
1.110245
1.773505
1.049697
1.155754
1.468215
7.967158
4.192420
2.331408
1.429420
0.862695
0.829399
1.178170
0.957904
2.780446
1.218868
3.945541
1.253271
0.669194
0.590394
0.848629
1.562487
2.502435
0.757002
0.776314
1.367666
1.969194
0.967848
2.145177
0.964347
1.218129
0.662841
0.448821
4.766254
3.718881
1.808783
1.143942
2.294130
0.761174
1.925692
2.889166
6.750475
3.535148
0.969950
1.142491
0.742372
0.579439
1.167673
2.560930
0.762130
1.869601
0.808852
2.174493
0.571356
2.079628
0.521952
2.187194
0.600400
0.611443
0.982206
0.773461
0.545107
2.398207
1.238335
1.613136
0.482044
0.904398
1.429223
7.677505
0.824079
1.359902
0.413477
0.537378
1.506902
1.017451
0.390524
0.791155
1.006853
0.713617
0.726789
2.879178
1.918126
0.680747
0.959830
1.393143
0.755349
2.855732
7.654623
0.787868
0.637812
3.189524
1.899493
2.567280
2.312236
1.126027
0.474673
0.247442
0.252292
0.189063
5.426915
0.372205
0.588647
1.205916
0.702102
0.528443
4.928661
0.389490
1.224437
1.274086
0.470005
0.589423
0.326249
2.257857
0.556615
0.271537
0.197064
0.240589
0.478008
0.574685
3.994181
0.344077
0.348027
0.395583
0.382461
0.438069
0.360487
1.029322
1.704496
0.283768
1.661158
0.484779
1.391624
1.220276
7.837938
0.621658
0.396279
1.124338
0.449077
2.114467
0.330702
0.503443
0.492094
0.411206
0.674669
1.236838
0.665196
1.733615
0.337544
0.249225
0.511188
0.387477
0.287651
0.513874
0.306144
0.221495
1.895368
0.381610
0.629180
0.195743
3.601171
0.365636
0.113686
0.512576
0.234921
0.844674
0.318414
0.218681
0.459659
0.412814
0.355083
0.382810
0.382415
0.322015
0.864014
0.342279
0.424619
0.189274
0.300666
1.098001
0.221569
0.331192
0.314048
0.180858
0.519695
0.314332
1.626957
0.217510
0.045786
1.269499
0.224783
1.058368
2.143811
0.851919
0.175736
0.302536
0.259087
0.628829
2.500367
0.033532
0.331142
0.380702
0.203584
0.045013
0.536114
0.078085
0.288007
0.148391
0.299799
0.255950
0.955878
0.238939
0.678984
0.696070
2.452314
0.314933
0.065665
1.343691
0.172772
0.442851
0.222324
0.214736
0.121947
0.204775
0.175129
0.151507
0.172804
0.388224
0.294699
0.475351
0.294832
0.912174
0.693244
0.333796
2.251838
0.155076
2.966964
1.085785
0.555598
0.235799
0.195234
0.973940
0.378541
0.662062
1.045753
0.203849
0.194896
1.750342
0.150221
1.063210
0.399712
0.220985
0.293366
0.584561
3.196544
0.945413
0.224452
0.656129
0.152900
0.235636
0.818320
0.098107
0.349257
0.546303
0.128070
1.206367
0.617992
0.343936
0.179271
0.206788
0.838056
0.190951
0.192554
0.077938
0.165595
0.261754
0.446901
0.188353
0.157182
0.259455
0.287118
0.428036
0.243029
0.188976
0.381567
0.343617
0.223475
1.503912
0.397239
0.172323
0.599042
0.483102
0.393604
1.961493
0.872172
0.156481
0.227552
0.585924
0.287400
0.026471
0.422096
1.327431
0.182038
0.491195
0.126712
0.655116
1.669445
0.083048
1.415346
0.192154
0.163808
0.247072
0.160056
0.189471
0.262146
0.173776
0.259198
0.222716
0.150938
0.238143
0.408940
0.866053
0.180925
0.054316
1.856423
0.186568
0.048712
0.277049
0.461184
0.164783
0.685950
0.299070
0.294857
0.220056
0.158694
0.275059
0.177429
0.218605
0.348342
0.549981
2.594207
0.142453
1.112417
0.437873
0.331514
0.136712
3.268945
0.144310
1.206272
4.860835
0.278897
0.707761
0.357034
0.780738
1.099189
0.611168
0.630830
0.041010
0.087412
1.753397
0.176006
0.052857
0.134218
0.218372
0.176169
0.037529
0.094008
0.580286
0.223711
1.062545
0.156068
0.333392
0.561503
2.365919
0.098308
0.050696
0.180075
0.628484
0.595627
0.062830
0.191123
0.154269
0.268954
0.541536
0.030604
0.475460
0.080100
0.168093
0.299372
0.180844
0.564886
0.247299
0.056406
0.048893
0.831295
0.168072
1.262707
0.041607
0.788191
0.240635
0.518803
0.458218
0.832359
0.272682
2.337209
0.514731
0.343104
0.165403
0.620721
0.734573
2.403414
0.140191
0.471840
0.443195
1.816865
0.577830
0.904956
0.276386
0.325827
0.744724
0.068714
3.038779
0.174734
0.450202
0.299365
0.136284
0.247505
0.212490
0.252804
0.191023
0.495975
0.377755
0.280495
1.070006
0.665743
0.210703
0.206681
0.434569
0.766639
0.527399
0.907094
0.512860
2.763502
0.045027
0.584135
0.155247
0.344805
0.445886
0.213691
0.810202
0.144138
1.094277
0.099635
0.342969
3.019929
0.189191
0.206030
0.050307
0.332818
0.156511
0.691244
0.742912
0.049040
2.029122
0.751986
0.482076
0.403071
0.570385
0.364332
0.372478
1.232972
0.267490
0.296588
0.126830
0.345505
0.218179
0.118492
0.905589
0.601860
0.061387
0.168574
0.636890
3.506593
0.171302
0.021778
0.601134
0.700409
1.207862
0.812883
0.255972
0.990417
0.869963
1.572784
0.481381
0.176883
0.361896
0.673390
0.018099
1.482899
0.127773
0.158422
0.251926
2.421494
0.040600
0.266439
0.283192
0.308419
0.171446
0.287569
0.132293
0.219402
0.177911
2.309027
0.075582
0.164721
0.166868
0.224421
0.070554
0.127129
0.601182
1.777082
0.308052
0.212349
0.050031
0.251039
0.564563
0.057641
1.374484
0.104443
0.080298
0.413745
0.142114
0.267500
0.047275
0.070933
0.111319
0.267646
0.240544
0.134696
1.062688
0.143604
0.118962
0.688050
0.171527
1.402289
0.704966
0.366576
0.500765
0.148821
0.534407
0.384317
0.254777
0.204384
3.003154
0.224208
0.114998
0.235821
0.178265
0.476901
0.949937
0.315927
0.027005
0.240855
0.628686
0.088905
1.351031
0.349613
0.029982
0.559053
0.908761
0.725426
0.171250
0.272005
0.236181
0.164800
0.905079
1.839283
0.166731
0.601268
85.070820
88.813516
25.407378
59.461636
73.570649
28.003340
37.500894
55.175078
55.863281
17.982832
38.012627
9.477719
12.206215
11.555452
20.544231
14.709286
18.907529
9.336987
10.737538
17.272557
12.720603
14.853879
7.967606
7.951587
8.044930
5.859937
11.784976
6.712717
8.005123
6.156165
10.148177
8.614458
4.972427
4.591829
4.016282
4.861687
5.078511
4.317148
6.664501
3.101937
3.402478
5.413991
3.528649
8.053562
2.777572
3.949122
3.540290
3.260164
3.561411
2.500264
9.823539
4.295518
2.650742
2.491739
6.415070
3.285339
2.683925
3.592866
2.845100
2.873254
1.984407
1.732739
2.137842
2.368734
1.649989
1.816672
2.408094
1.752486
5.232601
5.504907
2.331687
2.490190
1.791848
3.004700
3.438649
2.122230
1.590053
3.150516
3.277555
6.922906
6.155491
1.996405
3.376705
2.986207
1.360901
2.222253
1.955696
1.636621
2.587833
1.798974
1.341362
5.172813
1.267312
2.540339
1.628808
2.076363
2.118102
1.962326
1.839855
2.494332
2.267630
2.147235
2.906217
3.487932
3.211459
2.012977
1.677709
2.675359
1.525425
1.732574
2.188296
1.459940
1.847746
4.202183
1.442740
1.689963
1.749910
2.150075
0.913684
2.328344
1.238131
1.244932
2.217032
1.311831
3.879945
1.106319
1.000598
3.538591
0.772314
1.212375
1.234852
2.236502
2.180066
1.606760
1.098176
2.111658
1.951089
1.225856
1.737737
1.108044
0.873019
1.146317
4.802292
1.027172
2.089906
1.123845
1.241076
1.134959
1.823226
2.111404
3.264527
1.884564
2.954714
1.058774
1.479165
0.754583
6.432356
1.114156
1.143639
1.552585
0.976402
1.148732
2.072514
1.572788
0.897927
1.016161
1.340995
3.173283
0.942369
0.965465
1.090672
0.603826
1.829141
1.162957
0.809082
1.618241
1.028993
1.026662
2.563470
1.286363
1.764345
0.937790
1.523647
1.478617
1.761735
0.470439
0.806648
0.793881
0.715944
0.697896
3.405778
0.944081
4.211258
0.791597
1.323029
1.895539
1.756436
0.947563
0.818150
0.778614
0.906236
0.882648
1.166485
0.823061
2.008315
0.680638
2.455819
3.425163
0.417815
1.390682
0.916537
0.740804
0.863157
0.808041
2.608884
1.335417
1.314598
0.860017
6.393661
3.501608
0.762788
4.194384
1.840292
0.822316
3.173069
0.798686
0.428105
1.228187
0.638756
0.458897
0.503990
2.950062
1.954368
5.323021
0.894219
0.628563
0.504771
0.368360
1.222877
0.510803
1.294358
4.693677
1.601385
0.709126
0.397922
0.517305
1.765409
0.895852
0.425892
2.003609
1.281585
0.356793
0.532408
1.772977
0.324275
0.885791
0.426596
0.328741
0.323025
0.285122
0.385038
0.707406
2.205111
0.393262
0.457536
2.595078
0.284678
0.649166
1.275398
0.565490
0.581258
3.724102
0.307991
0.419058
0.546041
0.267163
0.298690
0.846149
0.475585
0.482502
1.136826
0.257367
0.355384
1.054697
2.073274
0.302204
0.176719
0.607441
0.153389
0.359988
0.522001
0.658118
0.236275
0.183753
0.320216
0.717505
3.131470
0.247032
0.755532
0.519203
0.970392
1.103484
0.805584
0.461588
0.565779
0.361445
0.588471
0.429839
1.721602
0.184184
1.247893
0.249439
0.369873
0.404856
0.205134
0.237449
0.450644
0.238491
0.283670
1.482311
0.329032
1.420867
0.405991
0.344838
0.604887
0.834960
0.523795
1.181714
2.236343
0.408135
0.301777
0.800471
2.530001
1.130558
0.840220
0.152438
0.515587
0.727257
0.506384
0.539278
0.619946
0.276711
2.458524
0.148247
0.217301
0.251450
0.590534
0.405494
0.295780
2.172223
2.563565
0.215092
0.282154
1.256581
0.216815
0.403594
0.335803
0.183802
0.069724
0.069673
0.233657
0.144537
2.350322
0.231991
0.158462
0.198762
0.583456
0.067559
0.686642
1.585405
0.573264
0.205926
1.629914
0.249784
0.108159
0.245957
0.169144
0.217853
0.372033
0.344462
1.099024
0.390719
1.408125
0.157826
0.271939
1.611389
0.522445
0.191333
0.656572
0.833296
0.417245
0.240001
1.425368
0.575640
0.118024
0.713493
0.273505
0.290553
0.451462
0.166827
0.947393
0.156757
0.339896
0.244062
0.110999
0.754126
0.217846
0.514921
0.084366
0.201473
0.741900
0.326526
2.171871
0.114052
0.144041
0.237681
0.328195
0.419086
0.168976
0.561481
1.248730
0.189838
0.630645
0.348181
0.066261
0.597224
0.869522
0.276619
0.252959
0.115307
0.167762
0.969357
0.128185
0.186099
0.239606
0.036353
0.207502
0.195242
0.147988
0.038770
0.171408
0.568098
0.732570
0.087516
0.254448
0.210207
8.809058
0.216268
0.615201
0.189185
0.218984
1.477613
0.088411
0.031872
1.118021
0.540024
0.347815
0.250006
0.082746
0.195690
2.301638
0.159325
0.192297
0.566610
0.736538
0.082434
0.213218
0.221802
0.374936
0.075568
0.083408
0.172471
0.165601
0.392230
0.625306
0.571563
0.171988
0.086700
0.216686
1.504899
0.104497
0.045321
0.445350
0.101412
0.685182
0.373118
0.415236
0.264941
0.904408
0.285529
1.451192
0.896055
0.252415
0.277598
0.549708
0.781483
0.449713
3.293557
0.368709
1.798344
0.276600
0.170538
0.300983
0.329308
0.534810
0.065365
1.783562
0.761246
0.354082
0.159909
0.233699
0.259173
0.995981
0.256114
0.154843
0.314304
0.188168
0.168733
1.234565
0.209000
1.710518
0.572939
0.279845
0.156717
0.299270
0.296893
0.587828
0.122640
0.335667
0.424933
0.172396
0.694909
0.838576
0.169505
0.214012
0.328491
0.503570
1.059665
0.678276
0.217188
8.276011
0.225926
0.247239
0.087521
0.030822
0.231843
0.813699
0.248523
0.691582
0.146956
0.443978
0.646755
0.242493
1.793789
0.765850
0.134037
0.161355
0.267055
0.274209
0.542652
0.755285
1.138071
0.249098
0.190416
0.359016
0.222651
0.195413
0.197595
0.185095
0.225982
0.243626
0.296392
0.301536
0.240720
0.463690
0.236789
0.279185
0.916385
2.799659
3.436101
0.231980
0.602302
0.158828
1.869338
0.262425
0.510363
0.274664
1.637616
0.421292
0.196948
0.838958
0.514375
0.303264
0.133811
0.182765
0.172279
0.259676
0.230473
0.431626
0.682103
1.138246
1.315649
0.161398
0.153416
0.198959
1.240179
0.099671
0.016736
0.405281
0.472865
0.499491
0.375935
0.453394
0.713406
1.445275
0.123408
1.514641
0.285150
0.057706
0.202972
0.188874
0.087340
0.166118
1.495446
0.557259
1.001443
1.084590
4.546943
0.685884
0.189946
1.521317
0.451612
0.270697
0.604941
0.129129
0.375870
0.290618
0.211002
0.165984
0.586814
0.646976
0.475677
0.874114
0.303214
0.111404
0.294505
0.715551
0.161527
0.085147
1.677690
0.170217
0.200255
1.353265
3.590211
0.677351
2.466830
0.177264
0.157451
0.375618
0.877984
0.590634
0.296371
0.317758
0.385586
0.523666
0.388321
0.834121
0.354154
0.173559
0.035429
0.240233
0.290538
0.870766
0.258014
0.020388
0.492754
0.117052
2.946018
0.466072
0.269346
0.609997
0.477917
0.160962
0.157960
0.245113
0.085106
0.163389
0.218353
0.144007
0.226512
0.482101
0.301199
0.229619
0.223378
0.907886
0.685538
0.913845
0.694583
1.540524
0.260584
0.294669
0.371315
0.254920
0.109667
0.279636
0.229750
0.507094
1.659898
0.194786
0.174003
0.162654
0.195110
0.454007
0.782045
5.092857
0.168271
0.078270
0.205239
0.870478
0.155261
0.456214
0.246089
0.102073
0.230609
0.953556
1.650865
0.289404
0.263557
0.156171
0.074733
0.058899
0.161450
0.146520
0.171019
0.375682
1.815781
0.524360
0.043047
1.161315
0.101054
0.209578
0.317228
1.883145
0.102307
0.247829
0.298364
0.173090
0.396409
0.167346
0.233053
0.222885
0.249540
0.178165
0.476595
0.126991
0.187893
0.149663
0.675337
0.257982
0.239387
0.195523
0.641822
2.072700
2.793282
0.630878
0.377931
1.612432
0.270134
0.498695
0.086667
0.166589
0.210728
0.351654
0.218408
0.245715
0.550817
1.046667
0.514075
0.195073
0.354509
0.344192
0.129913
0.412107
0.160098
0.090459
465.099766
460.561641
346.444102
460.303867
317.611797
301.058184
403.828672
147.603906
61.524531
54.362949
74.481636
194.938125
77.215420
93.488965
236.962539
85.009004
60.563955
60.514561
119.168730
137.086406
91.916211
148.813613
57.300762
137.764629
97.453262
73.705645
126.528105
133.075352
95.775156
84.986104
90.072832
107.516211
93.071875
44.150547
99.336963
39.544734
91.910430
46.458379
64.468164
30.891233
44.502988
29.469192
32.855669
20.036431
42.218965
19.217111
36.014114
26.954619
16.199324
11.757754
33.431113
18.630762
17.777102
22.656660
17.096565
14.634023
63.419512
48.421162
17.361500
40.617119
17.515083
41.819868
16.945187
47.653311
37.282671
13.427800
17.925653
31.871875
16.004567
13.013237
121.467627
15.169399
18.974753
31.694312
29.510557
15.347307
17.382740
76.856309
70.129063
21.728457
14.604006
9.851201
14.998352
13.727390
15.040819
17.452637
11.154341
9.738043
17.699142
17.731560
13.026953
7.484285
13.997561
7.142914
40.890771
17.850476
13.741534
8.420602
13.101042
48.928647
15.874016
17.017600
48.752441
17.997787
16.496475
11.597185
11.125659
6.746683
12.880890
22.240774
8.480028
27.847249
9.913179
14.317330
40.823853
9.575955
14.841682
20.647505
43.663887
8.533751
17.221099
23.611011
8.771387
7.599998
9.520248
8.892869
11.970098
19.146223
21.533145
7.675446
5.585853
16.771313
18.520479
12.154503
8.417319
7.164781
26.942771
7.490063
7.522934
6.757786
40.373320
66.497471
8.834169
11.432614
6.762827
7.436030
11.827327
5.886205
12.275391
26.698848
23.749363
11.329658
14.526052
6.595730
22.455952
60.809839
9.497474
7.545056
9.172328
9.971603
4.923058
8.473831
19.982632
5.118024
36.552153
4.343658
6.816403
12.420217
15.350032
12.220341
4.588211
18.974595
5.606326
31.616147
11.017974
5.763804
25.323767
8.343932
34.279041
9.478387
9.361569
5.664376
7.678443
18.221616
7.871714
5.654543
6.212364
8.930436
3.481442
19.462722
7.166081
11.033938
5.060206
8.531519
13.704968
5.230727
7.615050
4.049232
10.503547
41.182241
9.150127
12.094607
11.412346
11.288650
5.489706
29.748840
8.044667
3.975999
4.208912
21.929329
11.432908
7.815370
10.522858
24.009712
28.278904
21.444907
10.870430
8.953459
6.504372
12.113494
8.017479
30.030791
12.107950
3.401420
9.052722
6.024902
17.116147
21.600603
5.210681
5.294438
8.230608
3.187132
5.551495
5.589521
5.645764
4.933738
6.015315
10.529264
2.990098
4.678297
7.519301
13.512201
3.553379
8.473486
4.753292
3.612697
11.222629
13.179048
1.638912
6.819218
5.385537
3.655820
6.377067
2.954941
4.660304
3.536727
4.379450
10.097041
2.776397
2.897104
9.978104
29.353501
27.396372
3.360311
7.834562
17.290920
4.431541
1.956029
10.908450
14.012678
2.555848
11.678684
7.677376
3.348306
2.698072
1.759161
6.984481
11.908284
3.516431
4.883795
4.102147
4.012175
3.821138
1.094530
2.662809
4.806050
17.862571
2.752571
4.449789
1.535958
6.203221
6.664554
7.650844
1.965870
2.037952
4.909778
2.449523
2.327980
1.134287
2.542098
5.255396
7.336820
1.886169
2.008705
1.598534
13.910433
2.405059
6.735387
18.551287
2.312574
1.198453
1.600327
0.700257
2.290389
6.142844
25.414839
1.581945
3.922492
2.698944
50.768477
1.193944
4.383398
1.166651
7.646890
9.556451
7.216257
20.324894
1.959681
12.224313
2.386851
5.437008
4.067394
1.677655
0.960816
0.514941
2.609920
16.138953
3.374322
17.670680
9.275146
5.410721
1.176941
1.770558
1.781329
3.558259
1.755778
1.183806
1.607494
2.659394
9.614500
1.225387
1.607753
11.636781
3.353821
4.569260
0.717558
13.559448
8.107248
2.019821
1.587102
27.511294
2.301026
31.792881
8.636403
3.484279
6.223318
3.709280
1.148873
1.864239
2.132412
16.062437
1.645643
2.140148
2.263172
1.593199
2.646670
1.917576
2.558864
5.349694
14.340212
1.502973
9.989510
27.654675
15.552991
8.388495
1.411405
2.638020
4.891765
7.389576
4.241652
2.515877
10.607471
5.631307
1.641419
1.249074
1.184632
1.307715
1.199082
0.695033
0.644994
1.562810
2.049645
3.858401
1.585323
18.667925
4.188268
4.111310
2.396391
0.738358
1.484025
1.838849
1.329887
3.200741
3.425891
3.747505
7.797371
1.527090
9.218198
1.071915
2.816262
4.126751
2.025565
1.339937
0.631144
1.780242
1.422172
3.626877
1.074016
2.868382
0.489330
27.251216
30.878643
3.374253
1.265221
20.115155
0.527794
2.680653
0.720941
1.406340
5.022988
1.352866
2.049166
1.792984
1.321252
2.152803
7.288085
4.840016
0.976155
4.291880
11.041443
4.487787
1.034036
2.471554
1.933139
1.442152
0.448404
3.850306
24.745576
1.781133
1.406071
6.983538
3.136957
0.825636
1.448390
0.427494
0.635456
7.047310
2.726016
0.787112
0.959770
2.770851
1.166648
2.813597
1.490520
4.292411
2.453750
8.004656
0.637861
1.575163
1.375194
1.268097
2.022880
8.500123
0.837680
1.362412
2.294699
7.494342
3.809070
2.379119
2.216252
1.711558
2.556310
1.539179
2.585857
3.866388
4.891689
1.759119
14.637573
0.981702
1.399524
1.094320
1.610179
2.264541
2.251458
0.383237
7.973630
1.915940
9.699017
0.934877
2.363531
1.567837
1.370978
0.419453
1.348276
1.588365
5.545863
0.795408
0.560267
19.816738
15.333396
0.688006
2.865052
10.120854
1.680973
2.671996
0.781815
4.125359
0.821908
5.768977
36.145215
1.532246
0.970860
1.135468
3.666034
5.371716
2.453928
3.755815
1.472193
2.087228
3.061486
1.217224
0.850650
1.457874
0.284836
2.605350
0.771902
0.745148
2.224066
6.887183
4.752680
8.943300
1.778276
12.495703
1.859767
3.055796
1.637029
21.290940
28.685222
1.376082
4.866584
11.782744
6.641210
1.764917
3.382052
1.369005
0.480746
1.470108
3.830563
0.563703
0.582913
4.196418
2.352872
0.298355
1.688734
3.736271
1.456660
2.814186
0.645333
1.559316
2.385300
3.798384
1.666756
0.947593
0.819855
1.540970
0.472043
0.925341
0.867078
0.460985
7.718132
2.230364
15.063064
0.220364
0.738606
5.455967
2.370752
9.748113
6.112668
1.282429
1.317608
0.956510
0.808792
5.158649
2.487755
1.400184
0.498350
1.119312
4.639473
0.732148
6.998058
2.195019
13.082087
1.979468
0.430762
2.951649
0.658368
4.750605
2.987991
1.914337
1.420314
0.393324
1.563069
6.888898
0.373844
5.308887
3.434867
0.388254
14.296189
1.407213
2.918577
0.591675
25.484756
0.426748
0.526528
0.504611
1.465331
7.100885
11.702839
0.432926
1.400702
2.049605
0.307383
5.567775
0.636287
4.108789
1.397684
0.354792
0.780089
0.480051
1.168808
1.966558
2.433463
0.494512
1.343625
1.430603
3.508459
23.259084
1.539859
1.442118
1.713921
0.322490
1.453005
3.496969
4.378413
0.337430
3.089454
8.238279
1.489506
1.353938
5.210128
3.471179
0.163398
1.415970
1.546898
1.266326
1.268579
8.808535
0.472018
0.517753
2.332437
0.607813
4.195448
1.455800
2.159917
0.520416
2.851413
1.492188
5.311729
5.013372
1.626821
0.290722
18.595399
1.275160
3.331235
0.583761
11.488245
2.304471
0.274478
4.438549
0.549696
4.613131
2.685807
1.352999
29.221665
2.705963
1.300738
0.339882
0.345692
2.911996
0.599766
0.363723
10.192750
14.760189
1.319281
2.278912
28.880952
5.306628
0.647269
1.614052
0.132317
0.461068
0.876524
2.152334
1.079101
0.729065
0.902063
5.648564
2.495048
6.012057
22.308879
0.480578
0.405940
0.288694
0.352915
7.014625
2.561919
0.771711
0.836171
1.277187
1.596051
2.773179
20.523687
1.464387
0.433420
5.063633
10.041074
0.389516
0.583005
5.274408
0.944646
4.101812
0.641470
5.605323
12.043323
0.180043
1.430507
0.234427
0.507231
0.659726
1.436565
3.101628
1.587762
19.116115
4.774419
0.824559
9.190911
3.152241
1.273963
1.774455
11.641543
1.865568
1.618650
31.014941
0.181730
5.020186
0.333539
5.050524
0.547794
1.153841
17.008241
3.380616
9.960459
8.666464
1.226428
1.670890
16.469067
12.453009
2.214366
1.881161
0.543312
18.297881
36.591191
0.239906
0.353453
0.453514
6.160521
0.475180
3.969702
0.751597
0.696638
0.619824
1.357264
2.679955
0.913453
0.762685
28.764229
0.223733
6.511563
29.945811
2.059786
0.499308
2.051682
1.509432
1.304064
0.349641
9.683093
1.738666
0.431627
0.594216
4.444749
5.385404
2.600133
0.410870
4.440770
0.472407
1.528640
1.333471
7.992635
0.539333
0.696662
0.243015
0.099790
9.106232
3.662122
2.575361
0.509408
3.837051
7.862670
1.248565
4.176861
0.205833
1.276582
6.491964
1.328163
0.486726
15.144272
1.445766
0.529306
0.307250
24.836021
0.406895
4.561808
0.532204
0.270667
0.480123
9.144615
0.656686
1.475935
0.462135
8.298080
0.492473
8.758157
4.048370
0.390448
1.396297
1.385669
1.325210
7.240710
1.245288
1.502359
4.381723
5.123994
0.364222
3.135116
1.389268
0.312570
1.309774
2.515913
0.737864
1.367899
0.242488
0.301023
1.484529
3.126064
0.828841
2.359535
0.368993
0.441379
25.061284
8.914836
0.400172
0.287677
1.476716
1.414054
0.620690
0.510398
0.273021
4.608645
2.894439
2.507334
1.088547
20.383785
0.487281
0.501630
1.374381
0.442865
0.501596
3.804483
1.499186
1.395836
0.336155
9.127577
3.923064
9.426641
0.328208
13.262852
1.320751
2.507822
1.398784
0.528686
1.407142
4.322104
1.427664
0.377256
0.506767
0.401478
2.644780
5.839351
0.408224
8.752486
1.502112
1.338182
0.386268
0.673240
7.123439
9.846474
0.687779
0.316291
28.822524
0.756521
0.649164
1.401986
4.112137
5.463965
6.980835
0.263631
5.482826
5.049906
1.315791
1.224764
1.228849
1.383784
2.842376
0.863583
12.401587
1.355357
0.377082
0.380165
4.586627
0.599520
8.293651
0.711767
3.664691
0.155951
0.355088
0.330320
0.533728
1.342235
0.471510
4.999673
0.777603
1.891742
1.340727
1.510414
0.340622
0.300944
1.710033
0.230833
19.824836
11.860405
2.199306
0.206830
1.356427
2.282405
0.564124
4.117263
0.721451
26.529751
2.058244
0.288882
0.949039
3.725128
0.231106
0.305247
1.306702
6.707747
5.122156
5.721625
0.564539
0.196500
1.963676
0.478380
5.093189
4.777249
0.390184
8.905573
14.728542
3.775197
0.650322
3.094727
0.418510
4.259837
0.416011
10.849126
1.360599
2.306458
8.726198
1.478481
0.635999
0.581384
0.277884
40.064485
1.304368
0.583855
1.338161
1.177169
10.773936
0.438010
5.179780
0.283655
3.309063
0.926598
0.440379
3.578746
1.403628
5.249145
0.222740
0.149414
0.208309
1.146938
0.125049
0.328218
5.222020
1.617843
1.296566
1.334176
1.444904
3.485820
2.064114
0.231351
0.273815
0.208207
0.255974
2.508015
26.122603
8.012367
2.485591
6.368667
0.158162
8.829297
10.412823
0.329465
0.548761
15.247430
10.762197
8.062747
1.065651
1.341257
0.523515
3.035464
1.303297
4.312643
8.225464
1.535331
1.569758
0.324069
1.441061
0.252692
1.061587
1.279025
1.332224
1.474339
0.122076
3.421927
1.307455
0.132276
8.956835
0.442896
1.875843
2.224187
0.392490
2.585340
3.364161
1.346084
1.497363
1.321128
0.381949
10.245000
0.177946
7.938787
6.752639
0.512743
0.175168
2.539893
13.937462
2.631201
6.274126
0.378323
0.313075
1.354109
1.556602
8.088262
5.006919
1.571464
1.443048
2.831024
0.781433
7.808789
1.499172
10.535110
1.220320
0.481653
0.869446
1.396701
4.323244
2.335159
5.345986
6.285831
7.776594
1.510027
4.384045
0.351065
10.182688
0.748332
1.391798
1.306977
0.379246
1.252434
4.595570
0.146890
0.229110
5.114044
9.852543
0.316063
0.107327
3.696512
6.120759
5.163137
3.180722
10.032880
0.373307
10.401082
0.694719
5.154430
2.346223
1.456799
0.275782
5.226522
1.307923
26.962217
0.549014
11.370574
1.364949
1.307351
0.324838
0.356033
12.810635
1.480712
0.264796
5.522249
0.760043
0.280098
5.645144
3.369348
2.020888
8.892310
0.356480
0.577053
1.326295
1.321750
1.412350
4.566893
0.158678
13.979313
26.451506
2.286122
0.099701
1.304417
1.335748
0.262533
6.800852
0.880294
0.227628
0.141434
0.518150
1.268179
2.102294
0.350847
4.784973
2.301322
0.227069
14.047888
10.333708
2.280818
1.227654
11.179114
1.331541
14.155132
0.321873
1.523399
0.549822
1.428656
0.140162
0.146239
9.021530
4.821475
0.096250
0.304793
1.515496
2.599118
0.102545
6.670785
0.204254
4.450319
2.265767
1.659259
0.085241
0.165082
0.298067
1.333914
2.523665
6.968398
0.152854
0.407219
2.351989
0.154634
1.396044
0.638741
1.328278
0.367240
1.395990
3.347069
1.371548
2.918588
5.344476
3.204326
2.173944
2.340768
0.120754
0.510984
0.246978
0.137731
4.019059
0.192731
8.526949
0.134820
0.153808
1.266315
0.364082
17.159786
1.277129
0.525960
6.252004
2.504505
0.262402
0.195703
0.300576
1.229239
1.327446
0.256481
0.532244
2.327278
0.186858
0.518423
0.097807
0.152953
2.514357
0.336279
0.475183
8.489749
2.682474
2.471312
1.695863
1.321461
1.325709
0.267634
1.318001
0.991432
1.934475
0.215663
2.364167
1.598538
0.303512
1.253153
5.044671
1.352250
0.177748
0.991257
7.955057
0.682300
11.498435
1.692415
6.117380
19.281365
0.324245
0.176755
7.345293
8.358093
1.346035
3.264792
0.340513
3.896506
0.292282
0.267194
1.602785
0.256167
6.737484
1.311734
5.925242
6.108104
1.232259
61.671514
108.521758
118.507207
87.572500
82.020859
103.320557
40.755850
74.627861
38.298760
24.041707
26.668462
16.959875
20.251409
27.826191
26.762988
16.097174
12.323503
23.022769
14.230215
18.421565
8.598666
11.333760
6.299874
7.905847
9.545994
9.302155
10.046703
8.509711
6.592038
56.186289
95.491914
68.882568
41.827461
35.201824
63.299692
34.931699
78.311938
21.674414
50.909453
34.366133
23.217961
13.858997
20.822783
11.059683
12.662294
12.120496
18.528988
9.335099
11.004935
11.612642
12.140303
10.771548
7.281210
9.766693
8.823976
6.970148
12.567748
8.384664
6.600472
10.414778
5.444893
4.778242
8.499919
3.388763
5.114153
5.069420
5.717096
3.695625
4.662001
4.339238
4.122930
4.094652
2.920709
2.132376
3.004374
3.521292
3.497035
3.999438
5.393468
3.347482
17.867363
2.418861
3.713752
5.209912
4.871202
1.885970
5.802321
3.054745
4.880192
4.371631
2.055689
4.425092
3.944599
4.510545
2.165830
3.229111
2.897504
2.401884
3.217720
2.456411
2.760862
1.250720
2.400267
3.652176
2.135996
1.725115
2.077479
2.529522
1.774298
2.779438
3.026117
2.982123
1.908167
1.904982
2.545206
2.719008
2.151719
1.284554
3.190135
1.691269
3.900861
1.582118
1.377761
2.229253
2.627582
1.625347
1.489931
1.337305
2.064357
1.836026
1.519715
7.032492
1.275373
1.319372
0.997031
1.836142
1.175023
2.521478
4.105779
6.358212
4.691463
1.473734
1.664824
1.220068
3.888521
1.192747
1.874474
2.056011
1.272079
3.139968
1.620602
2.630416
1.070363
4.052314
1.036912
1.523448
0.954513
3.420162
1.978698
1.624543
0.972918
1.368996
1.201640
4.607073
1.969950
5.748618
2.400530
1.413565
1.031757
1.053604
1.059620
3.386455
1.053394
9.872582
0.825558
1.225832
1.138628
1.525476
4.231837
0.911008
1.724788
1.104037
2.821022
1.230463
0.712985
1.723075
1.235568
1.272713
2.680204
4.351949
0.752434
1.180239
2.224484
0.915301
0.894126
1.790003
1.238717
2.556569
0.905094
1.456935
1.255205
1.078938
2.587640
1.240432
1.159138
1.763135
0.929398
0.521294
1.178928
0.850985
1.149209
1.115677
1.130271
0.991857
1.112043
1.709689
0.884437
0.890627
0.989604
0.714953
3.346729
1.536447
1.391671
1.246648
0.914986
0.764238
1.142601
3.192260
1.606958
1.408097
2.690986
3.546783
1.224020
1.329989
0.440690
0.495704
1.510534
0.713239
1.661898
1.356675
0.996041
0.656602
6.919723
0.609585
0.522358
0.963454
2.040321
0.514506
1.333199
0.804215
0.409886
0.651258
2.347077
0.303840
0.392553
1.294787
0.998871
0.703113
1.556670
0.676347
0.732135
0.894256
0.633685
0.494995
0.961334
0.591957
1.648840
0.255171
1.120654
1.635509
1.237117
8.983345
0.426194
0.557168
0.878675
0.549941
0.712404
3.041909
0.531397
0.314409
0.892592
0.841974
0.410028
0.557007
0.424244
0.335056
0.384423
1.861536
0.808394
0.853098
0.918083
3.840447
0.404668
0.907167
1.704061
0.952709
0.597011
1.959147
0.176167
0.613123
1.053157
0.827001
0.337354
1.643315
0.448416
0.736913
0.845360
0.185596
1.471346
0.214218
0.420422
0.420939
0.796789
1.804963
2.610497
0.323621
3.191645
0.247381
0.796992
0.480727
0.359128
0.704384
0.566458
0.253460
0.627538
0.442535
0.203913
0.289079
0.724142
0.183113
0.569045
0.328902
0.225760
0.507362
0.164491
0.337762
0.253649
0.373757
0.914724
0.274626
0.140667
0.249022
0.330813
0.266869
1.149047
0.429968
0.327482
0.308408
0.169963
0.339359
0.236974
0.357024
0.213406
0.291521
0.224095
2.015272
0.425697
0.490082
0.279032
0.974572
0.362263
0.224967
2.497813
0.292675
0.247001
0.463745
0.213369
1.272625
0.110056
1.161506
0.873202
0.356735
0.454285
0.488121
0.682588
0.297590
0.172620
0.301612
0.333544
0.224314
0.285532
0.767080
0.885760
1.829259
0.495869
0.232894
0.028825
0.296282
0.072278
0.385546
0.201425
0.114260
0.236076
0.099736
0.240665
0.245683
0.175155
0.680594
0.219279
0.657593
1.425492
0.262609
0.142511
1.416181
1.648329
0.945818
0.390985
0.848239
0.184252
2.495100
0.531155
0.697843
0.546436
0.260713
0.599753
0.157000
0.955985
0.252352
0.382615
1.433698
1.158976
0.362272
0.170282
0.221573
0.653062
0.216405
0.179789
0.475880
0.239001
0.327323
0.447677
0.243201
0.567599
2.231480
0.185958
0.192229
0.196146
0.208616
0.261656
0.420864
0.940674
1.422655
2.170166
1.461027
0.133202
4.203941
0.141709
1.144481
0.413825
0.857789
0.108568
0.302457
0.019031
1.446508
0.225621
0.498838
0.592877
2.493007
0.687195
0.197226
0.163158
0.422539
1.029925
2.002273
0.294263
0.324412
0.804470
0.144125
2.241118
1.307622
7.747841
0.736625
2.305119
0.367818
0.269933
0.268561
1.174674
0.869375
0.716872
0.030854
0.064302
0.491347
0.267757
0.183376
1.040006
0.129859
0.878990
0.100674
1.133590
0.587460
0.293331
0.272544
0.126285
0.597502
0.237660
0.157224
1.551212
0.120378
0.255716
0.266207
0.146275
0.192210
0.062198
0.529691
0.168117
0.056775
0.179742
0.150321
0.044115
0.267814
1.081822
0.839142
1.705514
0.157778
0.168015
0.187131
0.185506
0.860332
0.151005
0.064097
0.401160
0.734063
0.225045
1.738251
0.177882
0.298647
0.193435
0.346820
0.579376
0.019148
4.354917
0.322427
0.227640
0.183175
0.181584
0.120396
0.391041
0.156696
0.244637
0.265472
0.232864
0.294046
0.043211
0.447931
0.025541
0.275741
0.072407
0.159463
2.293822
0.238840
0.621069
0.199996
0.154110
0.244781
0.306383
0.266893
0.736683
2.201917
0.317073
0.756422
0.213188
0.164032
0.351053
0.200735
0.172630
0.060392
0.155967
1.047326
0.420968
0.260599
0.667839
0.858426
1.687206
0.233080
2.338287
0.419421
0.101683
1.233822
0.130400
0.087639
0.928261
2.137026
0.157124
1.366621
1.918818
1.307719
0.429962
0.080058
0.314003
0.215469
0.030140
0.167133
0.901430
0.184152
0.248411
0.077890
0.354275
0.883300
0.193642
0.542477
0.343174
1.682687
0.088508
0.124762
0.052787
0.314095
0.100458
0.733103
1.658043
0.683033
3.474618
0.184707
0.242559
0.157793
0.180216
0.146144
0.367565
0.572560
0.189485
0.236384
0.143680
0.386174
0.206112
0.844548
0.152928
0.040257
0.090765
1.065045
0.213824
1.308919
0.191260
0.067456
0.185205
0.280536
0.480332
0.396282
1.573079
0.251693
0.141556
0.147636
0.539638
0.163375
1.864071
1.036586
0.151811
0.620126
0.628534
0.156739
0.038872
0.168281
0.162215
0.928351
0.111077
0.268256
0.448764
0.704569
0.209632
0.303938
0.291493
0.030188
0.111039
0.913536
0.105813
0.370723
1.349333
0.803933
0.192156
0.033120
0.145148
0.906657
0.101707
0.299088
0.267340
0.240670
0.039459
0.247535
0.099237
0.477622
0.881643
1.638282
1.189863
1.141059
0.249546
0.153588
0.069477
0.520245
0.116869
4.629710
0.083971
0.669062
0.518604
0.026356
0.208145
0.829176
0.171015
0.102322
0.290964
0.364039
0.076796
0.670752
0.226488
0.550622
0.100312
0.255881
0.166064
0.207070
0.204234
0.855007
1.234980
0.277098
0.787201
0.966725
0.027083
0.963066
0.046299
0.049007
0.251930
0.359684
0.321568
0.093528
0.158149
0.702930
0.177054
0.220556
0.538360
0.180655
0.725279
0.368123
2.502184
0.039507
0.257372
0.549251
0.389968
0.124604
0.190079
0.281408
0.081011
2.573152
0.245596
0.081233
0.745866
0.689131
0.510764
0.205430
0.965069
1.522529
0.078363
0.361127
1.069866
0.060602
0.196000
0.446012
0.862387
0.225509
1.735474
1.231683
0.033588
0.418081
0.169213
0.061707
0.162848
0.232074
0.161539
0.610289
0.248783
0.232351
0.142825
2.201780
0.101561
0.633885
0.341807
1.164139
0.292283
0.191112
0.303458
0.467960
0.107921
0.720588
0.234463
0.088526
0.918942
0.261105
0.442703
0.881668
0.170158
0.466983
0.346780
0.067485
0.211472
0.155621
0.183311
0.179045
1.156906
0.290441
0.898377
2.054358
1.579695
0.175348
0.373091
0.178577
1.814682
0.186699
0.239299
0.030885
0.159436
0.441482
0.661145
0.206838
0.274070
0.057964
0.254954
0.180725
0.178474
0.199489
0.735729
0.076996
7.734866
0.132962
0.187661
0.728960
0.525163
0.591754
1.386282
0.116560
0.591907
0.035478
0.141360
0.602667
0.555452
0.989663
0.086972
0.182127
0.991604
0.172743
0.557734
0.332201
0.064035
0.052570
0.098410
0.258930
0.150412
0.920321
0.753494
1.389484
0.175163
0.191839
0.162573
0.039993
2.265543
0.492996
0.120498
0.333224
0.144969
0.319435
0.160679
0.168210
0.096285
0.099996
1.295504
0.175832
0.154180
3.646201
0.261758
0.736891
0.281134
0.497071
0.901604
0.048644
0.384457
0.397239
0.360938
1.283157
0.750271
0.195524
0.115187
0.446208
0.124325
0.060132
3.355881
1.378063
1.131401
0.151911
0.325779
1.503919
1.084728
2.233473
0.386269
0.877214
1.009764
0.773714
0.111862
0.208669
0.178856
1.049039
1.439817
0.218820
0.129434
0.222402
0.247910
0.340479
0.253686
0.160325
0.156430
0.961679
1.182464
0.225233
2.226603
0.317034
1.849263
0.479528
0.218115
0.775358
0.650942
0.061951
0.214573
1.705589
0.175332
0.027424
0.107460
0.295789
2.111850
0.273414
0.244305
0.168948
0.175592
0.048102
0.115219
0.682372
1.437544
0.289306
0.888549
0.612481
0.150272
0.504123
1.027613
0.106306
0.185239
0.218730
0.212968
2.006902
0.278625
0.223858
0.271440
0.030163
0.431979
0.240227
0.680795
0.171838
0.310610
0.191297
4.431003
0.273418
0.921625
0.587968
0.094891
0.997897
0.460796
0.178622
0.180936
1.445570
0.527238
0.381192
0.081928
0.180350
9.358345
0.168556
1.033288
0.138616
0.150467
0.112877
0.201596
0.184364
0.198458
1.728185
0.170309
0.783044
1.194329
0.155117
0.143906
2.513390
