0.068351
0.297710
0.635705
0.963658
1.402819
1.801797
2.469219
2.977819
3.618833
4.268449
5.117483
5.790257
6.576167
7.250021
7.724349
7.916222
8.445786
8.915505
9.331534
9.911455
10.369412
10.742553
11.133639
11.773814
12.739535
13.343263
13.872799
14.464402
15.028595
15.380675
15.883060
16.143471
16.284294
16.666000
16.808367
17.184393
17.466379
17.456760
17.396109
17.269117
17.677143
17.504097
17.655407
17.667004
17.718647
17.856464
18.353699
17.876219
17.669760
17.843704
17.798634
17.957520
17.765875
17.911728
17.903698
17.852804
18.145063
18.092842
18.072290
18.037834
17.948807
18.179653
18.221109
17.828714
17.975594
18.073433
18.060659
17.905664
18.467855
18.367304
18.219183
18.270563
18.113434
18.229761
18.213499
18.312729
18.366751
18.211557
18.285208
18.369102
18.334377
18.335266
18.370090
18.088671
18.068064
18.432985
18.492218
18.318312
18.308937
18.199062
18.349545
18.495422
18.374987
18.519424
18.384325
18.362923
18.557570
18.469578
18.401804
18.197100
18.427183
18.402521
18.491844
18.135674
18.348026
18.526165
18.602163
18.508387
18.604773
18.492699
18.523788
18.441536
18.478889
18.395962
18.347094
18.657873
18.612080
18.665968
18.506506
18.565969
18.503195
18.687977
18.590281
18.711275
18.663219
18.553812
18.327789
18.646465
18.279871
18.616730
18.958849
18.769262
18.860367
18.610882
18.580280
18.761169
18.748568
18.602648
18.443737
18.556074
18.614937
18.992296
18.861454
18.762804
18.688261
18.596895
18.723461
18.609747
19.055809
19.017820
18.675058
18.670841
18.941339
18.588144
18.638586
18.717628
18.900032
18.885242
18.672142
18.665152
18.796257
18.653233
18.430441
18.456068
18.911823
18.893581
18.992500
18.853691
18.754641
18.832924
18.870989
18.625700
18.591932
18.866211
18.960138
18.903250
18.962654
18.953762
18.968184
18.711300
18.803804
18.979719
18.903872
18.834930
18.958210
18.976063
18.965332
18.981897
19.029324
18.919559
19.005333
19.098812
19.017738
18.852161
18.866396
18.827570
18.984575
18.859133
18.950329
18.953978
18.886372
18.817926
18.847672
18.993496
18.898327
19.052261
19.012402
19.247589
19.091173
18.917927
18.996981
19.022766
18.847969
19.020830
19.008810
19.102468
19.188963
18.959497
19.069904
19.038645
19.163843
19.123058
19.255348
19.161501
19.234278
19.194933
19.006073
19.111511
19.011675
18.915398
18.972305
18.833364
19.048599
18.978518
19.128088
19.159864
19.083179
18.995762
19.288113
19.289722
19.156134
19.057993
19.150843
19.130297
19.185591
18.956060
19.051830
19.471771
19.251469
19.365442
19.256821
19.194805
19.005438
19.095547
19.434380
19.257765
19.258062
19.473223
19.040640
19.075842
19.309895
19.227619
19.285692
19.156515
19.054443
19.378206
19.382809
19.283184
19.225590
19.426590
19.423325
19.316496
19.365839
19.188063
19.494562
19.380314
19.306700
19.362129
19.263870
19.437601
19.483261
19.173077
19.313950
19.365143
19.424902
19.444641
19.398016
19.373976
19.614679
19.366213
19.328241
19.442379
19.358818
19.466133
19.604118
19.230774
19.271053
19.244610
19.231403
19.404701
19.480246
19.462238
19.331711
19.429333
19.427685
19.184769
19.441801
19.326239
19.480927
19.416124
19.531340
19.485777
19.554680
19.524313
19.322289
19.407135
19.421518
19.509251
19.387606
19.475761
19.458965
19.483442
19.595915
19.430517
19.425228
19.413658
19.331253
19.542231
19.246374
19.395737
19.469934
19.403200
19.579969
19.574152
19.377226
19.441031
19.346605
19.508568
19.645348
19.409258
19.373516
19.593460
19.285364
19.542965
19.642591
19.265060
19.490253
19.601383
19.551702
19.457430
19.295992
19.559025
19.417101
19.579609
19.424942
19.550800
19.532574
19.632370
19.612371
19.507254
19.611048
19.621481
19.567175
19.577734
19.565624
19.374014
19.516924
19.421223
19.455048
19.625296
19.448381
19.575130
19.576664
19.512903
19.499044
19.525221
19.548187
19.428051
19.402470
19.586250
19.666740
19.520210
19.242987
19.514469
19.471098
19.571251
19.527958
19.650673
19.544920
19.532841
19.658791
19.501554
19.580547
19.662035
19.596590
19.544085
19.395586
19.561863
19.536848
19.514566
19.686176
19.471214
19.651606
19.420105
19.610464
19.497713
19.545122
19.383043
19.481371
19.444799
19.634609
19.376661
19.439547
19.613972
19.710442
19.647453
19.488148
19.588562
19.657261
19.523344
19.510206
19.633320
19.515352
19.603628
19.458296
19.680767
19.501789
19.657097
19.581581
19.574356
19.518082
19.537710
19.653231
19.488604
19.626434
19.632343
19.585602
19.671467
19.609316
19.560137
19.562141
19.596695
19.600325
19.570978
19.709379
19.611359
19.561735
19.600355
19.601877
19.608273
19.639160
19.624084
19.695927
19.651199
19.721680
19.590477
19.610821
19.541389
19.569021
19.608488
19.732611
19.471985
19.697281
19.563763
19.659973
19.640158
19.527605
19.645706
19.597033
19.549429
19.568909
19.709503
19.562227
19.670185
19.767410
19.563532
19.807150
19.685379
19.809694
19.536570
19.739363
19.650543
19.493980
19.643671
19.603048
19.667917
19.632212
19.550459
19.524708
19.585957
19.779461
19.723980
19.582289
19.582195
19.489677
19.488972
19.599352
19.583984
19.539688
19.544928
19.797066
19.675350
19.652477
19.697468
19.563231
19.632570
19.635885
19.679527
19.701515
19.653868
19.763407
19.645834
19.544512
19.516403
19.768223
19.611191
19.616837
19.627312
19.527235
19.588734
19.631788
19.571043
19.764980
19.614761
19.754812
19.536810
19.678080
19.556879
19.676844
19.631098
19.530758
19.692204
19.404991
19.524137
19.698933
19.693617
19.777122
19.643934
19.714436
19.637188
19.631239
19.687489
19.699387
19.470247
19.587450
19.572746
19.618433
19.681175
19.535269
19.864780
19.588575
19.598125
19.639809
19.543222
19.631952
19.541016
19.684710
19.551874
19.622145
19.677149
19.785019
19.612652
19.677999
19.632082
19.477682
19.402670
19.548229
19.691687
19.623932
19.607285
19.574865
19.645796
19.598299
19.558844
19.645203
19.641296
19.754171
19.461821
19.724501
19.665237
19.630054
19.589014
19.551031
19.539642
19.568861
19.769911
19.649254
19.596390
19.576012
19.557714
19.632774
19.722607
19.544344
19.640787
19.767735
19.444727
19.422739
19.569687
19.547901
19.534452
19.648527
19.521532
19.494993
19.621964
19.829321
19.651180
19.561253
19.656301
19.551180
19.576462
19.524351
19.773411
19.587915
19.595707
19.754368
19.551016
19.540529
19.464264
19.565258
19.760235
19.428593
19.624500
19.546991
19.514957
19.430918
19.654861
19.702969
19.517355
19.847700
19.708832
19.496492
19.700531
19.600964
19.491379
19.556067
19.731524
19.747450
19.570314
19.553261
19.548899
19.656788
19.637897
19.500931
19.556927
19.600113
19.433981
19.660032
19.611174
19.731359
19.662144
19.531437
19.564796
19.666414
19.660334
19.797802
19.560110
19.526310
19.511547
19.633860
19.659552
19.638212
19.690132
19.568300
19.674210
19.695934
19.776632
19.640656
19.763329
19.611511
19.604097
19.653797
19.511072
19.646074
19.634285
19.570196
19.673050
19.600904
19.592899
19.608400
19.562256
19.549307
19.587877
19.562738
19.709724
19.493301
19.588133
19.615442
19.497322
19.555664
19.625834
19.753275
19.508381
19.565691
19.740988
19.606628
19.698107
19.527563
19.576204
19.597935
19.485128
19.693090
19.566891
19.701822
19.587908
19.638708
19.665119
19.610847
19.684345
19.500433
19.618090
19.652704
19.604818
19.437969
19.494078
19.553968
19.590414
19.583435
19.623968
19.635912
19.731382
19.705305
19.603361
19.693754
19.677107
19.676430
19.705738
19.658834
19.510965
19.409460
19.592442
19.701948
19.789051
19.682981
19.610596
19.717060
19.680687
19.624798
19.561901
19.605234
19.620504
19.661030
19.697403
19.483839
19.680281
19.600969
19.567970
19.583481
19.689791
19.702871
19.605822
19.655321
19.569872
19.786983
19.545609
19.668566
19.614323
19.749411
19.613617
19.745155
19.509501
19.680971
19.731375
19.789507
19.662575
19.631506
19.591789
19.435804
19.614594
19.757601
19.766054
19.701887
19.600863
19.542192
19.612221
19.644972
19.715216
19.589581
19.683361
19.705090
19.524544
19.631319
19.564566
19.602427
19.566511
19.508516
19.738070
19.593243
19.597757
19.743584
19.589142
19.644751
19.750454
19.573366
19.557381
19.708889
19.680016
19.610235
19.537634
19.679695
19.613260
19.725014
19.633253
19.546545
19.557423
19.698145
19.610878
19.672918
19.661976
19.577135
19.662125
19.701227
19.487726
19.757582
19.731606
19.714754
19.537516
19.582567
19.743092
19.589363
19.601860
19.672691
19.638512
19.733738
19.799301
19.716425
19.624332
19.604921
19.512285
19.702015
19.550117
19.482769
19.641304
19.671329
19.611855
19.724323
19.570402
19.668308
19.640215
19.671761
19.517307
19.567719
19.623724
19.740562
19.536198
19.556402
19.675886
19.524012
19.565840
19.708035
19.631931
19.664005
19.708105
19.597683
19.690359
19.767551
19.697519
19.577065
19.641590
19.650585
19.686840
19.752136
19.680017
19.575100
19.738258
19.693121
19.749344
19.613354
19.652967
19.753597
19.532454
19.599535
19.597157
19.570860
19.802237
19.639103
19.614346
19.691624
19.634796
19.645136
19.549572
19.605730
19.679930
19.717281
19.739668
19.756542
19.638578
19.603765
19.671738
19.618595
19.583559
19.641657
19.427864
19.760042
19.534809
19.689644
19.680742
19.668507
19.695057
19.687233
19.742546
19.740135
19.690321
19.584797
19.715469
19.669182
19.775600
19.666035
19.727137
19.675468
19.681143
19.669353
19.723301
19.596210
19.623886
19.645445
19.708496
19.635332
19.673328
19.683321
19.539118
19.582956
19.629957
19.653109
19.555485
19.768394
19.657965
19.709230
19.566309
19.714077
19.667637
19.598953
19.653402
19.659695
19.626328
19.761705
19.689800
19.602968
19.724501
19.775036
19.589260
19.647886
19.703114
19.728813
19.583498
19.671663
19.733162
19.679914
19.695528
19.698015
19.745010
19.712425
19.736366
19.463743
19.744526
19.621981
19.638988
19.566578
19.679996
19.669378
19.723928
19.645212
19.769993
19.755468
19.661980
19.694883
19.654032
19.763639
19.700874
19.588930
19.597292
19.574453
19.624640
19.726597
19.581579
19.721277
19.531359
19.770016
19.676649
19.600649
19.779537
19.615355
19.624258
19.492586
19.736906
19.678890
19.675764
19.787180
19.507198
19.673563
19.732046
19.739592
19.611872
19.695200
19.608034
19.617144
19.758339
19.668531
19.668297
19.752140
19.686213
19.765841
19.769667
19.520838
19.909214
19.702122
19.633274
19.658833
19.682144
19.753712
19.627102
19.575300
19.720016
19.665962
19.547077
19.645882
19.722673
19.773058
19.577644
19.568575
19.655014
19.736954
19.604540
19.831945
19.670120
19.746035
19.633816
19.717491
19.522961
19.888102
19.534458
19.523161
19.706278
19.531593
19.660507
19.883966
19.775040
19.604340
19.717176
19.798355
19.737583
19.680153
19.533115
19.592497
19.709581
19.629887
19.702492
19.614592
19.732140
19.653990
19.726486
19.616287
19.671404
19.776989
19.692883
19.674109
19.538013
19.616468
19.586164
19.609276
19.694201
19.879934
19.532366
19.570808
19.553755
19.616049
19.667997
19.630079
19.761086
19.591507
19.620104
19.655251
19.743122
19.790562
19.569653
19.662800
19.652531
19.638899
19.565449
19.655128
19.593672
19.624285
19.673025
19.550779
19.651859
19.513271
19.627575
19.629715
19.725721
19.535995
19.541616
19.556828
19.523798
19.569813
19.654781
19.623508
19.668978
19.664959
19.686838
19.502975
19.720100
19.686087
19.697926
19.665438
19.593023
19.341810
19.696169
19.656628
19.627480
19.649628
19.692776
19.621132
19.641661
19.655859
19.653658
19.600927
19.662731
19.521454
19.554726
19.657167
19.579126
19.660059
19.579296
19.658463
19.675848
19.507875
19.788946
19.551765
19.719469
19.567905
19.631111
19.569859
19.868420
19.552649
19.646175
19.723412
19.612410
19.592495
19.591463
19.454430
19.597570
19.536282
19.686602
19.676802
19.626905
19.687031
19.650719
19.722012
19.574827
19.678682
19.632053
19.660667
19.714352
19.619318
19.782139
19.593195
19.724413
19.559776
19.619249
19.605490
19.676386
19.582644
19.782398
19.600187
19.629103
19.675940
19.640676
19.719591
19.744778
19.570528
19.795645
19.566847
19.683422
19.663181
19.620161
19.722261
19.590775
19.600956
19.713055
19.489260
19.669918
19.766552
19.746868
19.749340
19.579828
19.587152
19.676376
19.682751
19.564621
19.828804
19.660313
19.593449
19.739687
19.747972
19.576765
19.785500
19.631407
19.794941
19.657000
19.589468
19.678087
19.628223
19.832996
19.711750
19.662096
19.699270
19.735586
19.495653
19.553991
19.752752
19.533741
19.574480
19.629477
19.672016
19.718662
19.689804
19.782297
19.765114
19.621355
19.650663
19.719593
19.700535
19.582211
19.475216
19.714815
19.648476
19.725086
19.610624
19.590046
19.779924
19.642019
19.743637
19.569242
19.817381
19.611320
19.718552
19.568718
19.637318
19.639294
19.723066
19.505241
19.821270
19.531801
19.701630
19.677675
19.696844
19.704330
19.746181
19.763695
19.751257
19.691130
19.657125
19.721886
19.569887
19.785595
19.750044
19.733618
19.612261
19.719828
19.793766
19.557451
19.557953
19.824602
19.762262
19.839394
19.754519
19.702906
19.665600
19.756817
19.719791
19.660025
19.573786
19.699091
19.675762
19.741888
19.587568
19.793446
19.675434
19.515610
19.705894
19.623852
19.665012
19.726505
19.511488
19.595751
19.683577
19.693068
19.682854
19.661453
19.698261
19.735352
19.711140
19.717340
19.709728
19.689260
19.661354
19.740990
19.655716
19.606358
19.701515
19.635910
19.625217
19.526436
19.666958
19.610737
19.732178
19.717260
19.542557
19.756340
19.703699
19.699177
19.768202
19.627819
19.544542
19.607998
19.734310
19.601982
19.605055
19.582603
19.691969
19.574802
19.814665
19.541130
19.748636
19.720146
19.850784
19.571445
19.656034
19.625725
19.796909
19.625851
19.649420
19.770971
19.558062
19.537539
19.718271
19.626030
19.709352
19.615692
19.781441
19.663633
19.675766
19.867517
19.634996
19.750626
19.668886
19.595934
19.721989
19.697947
19.453114
19.610903
19.684538
19.666132
19.675505
19.539442
19.547140
19.680250
19.656910
19.690382
19.717789
19.725269
19.562529
19.589415
19.680288
19.590534
19.645731
19.794363
19.562449
19.725788
19.775770
19.513571
19.640417
19.501652
19.794136
19.672029
19.758747
19.741789
19.663773
19.700312
19.550770
19.765133
19.676924
19.749311
19.675411
19.675232
19.651281
19.717873
19.780653
19.627937
19.627138
19.631609
19.559893
19.519947
19.622028
19.783808
19.537624
19.759718
19.659468
19.730007
19.678087
19.622019
19.675077
19.737465
19.574688
19.713673
19.577614
19.642111
19.603687
19.667885
19.722754
19.544966
19.646084
19.810593
19.645569
19.667536
19.473307
19.729500
19.556051
19.701136
19.594782
19.618433
19.859505
19.555887
19.706577
19.544010
19.572001
19.739168
19.779491
19.667883
19.706474
19.646820
19.743521
19.478657
19.613003
19.514545
19.497189
19.623726
19.633148
19.642761
19.550259
19.663305
19.542147
19.748817
19.718103
19.561255
19.699373
19.687384
19.713219
19.617111
19.615417
19.659855
19.741920
19.559259
19.699064
19.627586
19.648954
19.608562
19.695753
19.749258
19.857292
19.698566
19.690281
19.547888
19.709631
19.540953
19.766411
19.699614
19.689825
19.676439
19.851250
19.673235
19.680265
19.751692
19.564680
19.619085
19.559074
19.875658
19.635530
19.624836
19.542109
19.722996
19.474047
19.502439
19.651842
19.757450
19.627491
19.752108
19.652241
19.784832
19.688650
19.696640
19.779211
19.696218
19.576868
19.568071
19.652758
19.571934
19.578697
19.615625
19.446402
19.648363
19.709602
19.758032
19.478037
19.525234
19.649708
19.706249
19.502079
19.670624
19.730019
19.645977
19.620190
19.624142
19.672119
19.649321
19.555742
19.654198
19.461224
19.756817
19.624687
19.566395
19.612867
19.648113
19.626551
19.387173
19.709763
19.594547
19.660727
19.512957
19.642639
19.636614
19.576712
19.550854
19.501266
19.544725
19.455221
19.581293
19.625732
19.609411
19.586609
19.623426
19.632956
19.742523
19.467737
19.629494
19.639719
19.586172
19.485004
19.705387
19.667582
19.520382
19.591848
19.427990
19.528629
19.529121
19.440737
19.597652
19.624001
19.622305
19.639324
19.625507
19.634842
19.620346
19.675495
19.754652
19.380198
19.620100
19.622095
19.556639
19.725582
19.822664
19.716644
19.583462
19.635353
19.655375
19.671499
19.722685
19.660633
19.574785
19.468613
19.706751
19.719673
19.532488
19.590219
19.739893
19.613325
19.624784
19.533791
19.572479
19.619722
19.637020
19.727098
19.689949
19.642872
19.603193
19.744377
19.576515
19.637367
19.628162
19.548071
19.719879
19.658718
19.619741
19.692137
19.701746
19.767094
19.779305
19.700352
19.635393
19.576105
19.463524
19.641275
19.682516
19.682421
19.702496
19.733664
19.793934
19.665985
19.542871
19.671095
19.550920
19.626177
19.737879
19.700020
19.526217
19.624243
19.580238
19.579937
19.720747
19.643078
19.603325
19.548059
19.644609
19.673361
19.666910
19.614594
19.716000
19.642851
19.805830
19.732601
19.698473
19.768713
19.553974
19.725805
19.608408
19.616278
19.692936
19.611980
19.585445
19.806055
19.610863
19.572296
19.507488
19.498804
19.661312
19.723396
19.641365
19.644438
19.670683
19.672035
19.666063
19.531384
19.790268
19.551008
19.685211
19.624098
19.722216
19.664572
19.586731
19.545984
19.728037
19.529238
19.600676
19.439785
19.625757
19.728636
19.509710
19.639769
19.690950
19.720387
19.630177
19.704659
19.628456
19.597666
19.608555
19.729458
19.706379
19.492971
19.752060
19.546688
19.668892
19.633081
19.725248
19.674807
19.717661
19.643608
19.795519
19.594498
19.712082
19.635605
19.574638
19.669291
19.817413
19.603422
19.707664
19.439968
19.586317
19.573786
19.509098
19.805317
19.582506
19.549208
19.780586
19.610266
19.528433
19.579824
19.712492
19.586502
19.564619
19.651178
19.534710
19.612822
19.703251
19.508316
19.735653
19.692715
19.678812
19.748655
19.703228
19.787722
19.797070
19.648878
19.806774
19.589073
19.792105
19.759554
19.807085
19.654764
19.587776
19.644941
19.672382
19.585054
19.791794
19.608118
19.714134
19.598160
19.731234
19.768963
19.782875
19.603502
19.628078
19.597496
19.632294
19.823637
19.770578
19.726706
19.816437
19.664831
19.746624
19.753883
19.560316
19.603132
19.778200
19.555052
19.766684
19.733440
19.738142
19.579105
19.740561
19.614235
19.575125
19.709726
19.693249
19.730490
19.611851
19.714685
19.715456
19.694120
19.750063
19.732231
19.516228
19.559835
19.592867
19.714577
19.561460
19.491711
19.632891
19.742266
19.709600
19.504881
19.578176
19.657005
19.715139
19.693773
19.674816
19.621082
19.702473
19.697504
19.687698
19.768400
19.609262
19.606104
19.820766
19.773558
19.684242
19.718082
19.493668
19.457180
19.712385
19.468399
19.698389
19.739929
19.624847
19.566189
19.704420
19.667280
19.580446
19.750769
19.651381
19.752684
19.704884
19.699942
19.757879
19.692430
19.678812
19.687078
19.840948
19.596340
19.683058
19.526049
19.636745
19.595766
19.608511
19.558441
19.716160
19.715647
19.546431
19.641888
19.659575
19.690140
19.549322
19.663050
19.665745
19.683413
19.694654
19.670082
19.595018
19.673571
19.588182
19.573450
19.603031
19.760645
19.647423
19.682049
19.626015
19.767061
19.728374
19.678652
19.567539
19.670942
19.528225
19.618969
19.666103
19.706074
19.793921
19.594753
19.443676
19.744211
19.586172
19.791054
19.636980
19.517267
19.504166
19.656471
19.739489
19.534702
19.519213
19.666729
19.686300
19.626963
19.678831
19.612919
19.609493
19.782421
19.589991
19.653536
19.598421
19.621180
19.565199
19.519695
19.613720
19.771185
19.506788
19.740898
19.599354
19.799011
19.587742
19.846594
19.596508
19.715769
19.676073
19.665546
19.771942
19.676277
19.514750
19.495655
19.819876
19.706223
19.671101
19.484484
19.486893
19.594894
19.700666
19.562719
19.567625
19.600330
19.703602
19.580675
19.529427
19.617516
19.605007
19.742725
19.761772
19.714485
19.705736
19.655758
19.601040
19.688066
19.707367
19.712008
19.705132
19.573399
19.676664
19.675911
19.703430
19.662161
19.710886
19.661430
19.740778
19.557137
19.603336
19.751102
19.686197
19.509977
19.720036
19.634113
19.639450
19.688383
19.673836
19.576071
19.501394
19.632193
19.655895
19.658371
19.661989
19.670311
19.706598
19.665775
19.677313
19.679617
19.695602
19.731539
19.538431
19.681402
19.764297
19.738504
19.768629
19.651487
19.500290
19.696266
19.574602
19.610456
19.681086
19.557831
19.682987
19.523308
19.702578
19.751875
19.688745
19.686716
19.821161
19.530085
19.620554
19.829176
19.620699
19.628206
19.513418
19.598442
19.550905
19.625782
19.540922
19.617962
19.697496
19.554796
19.533617
19.472708
19.765394
19.722956
19.585190
19.595898
19.537647
19.655809
19.631407
19.620665
19.493481
19.448399
19.723854
19.641266
19.814688
19.629410
19.615892
19.477203
19.634031
19.644995
19.718775
19.583567
19.711473
19.663212
19.630075
19.683500
19.473700
19.749874
19.691317
19.481337
19.723778
19.598520
19.748873
19.671898
19.595022
19.553461
19.559212
19.728735
19.593063
19.602297
19.606609
19.707899
19.511614
19.624588
19.710674
19.634773
19.628876
19.735170
19.630541
19.724916
19.528347
19.592604
19.542824
19.695831
19.687887
19.621668
19.634474
19.883581
19.688150
19.695799
19.594810
19.706522
19.623140
19.759216
19.660809
19.740215
19.662708
19.675665
19.636839
19.560101
19.678654
19.692287
19.594038
19.626879
19.684788
19.623104
19.776039
19.765158
19.631445
19.679401
19.579798
19.618134
19.598227
19.653660
19.626728
19.705626
19.676378
19.628187
19.720110
19.782583
19.634449
19.570335
19.650192
19.792849
19.628756
19.739050
19.619368
19.566978
19.717129
19.727678
19.793791
19.607161
19.627886
19.710913
19.495543
19.584961
19.626328
19.791340
19.724821
19.679657
19.603830
19.597586
19.573254
19.740877
19.629591
19.661892
19.841528
19.591337
19.766041
19.685469
19.611372
19.658918
19.671093
19.632868
19.757019
19.586411
19.789772
19.725773
19.729797
19.637249
19.687117
19.629379
19.624907
19.626324
19.669106
19.580196
19.696465
19.808292
19.498985
19.734434
19.535955
19.600111
19.618792
19.604057
19.599930
19.644163
19.599630
19.618446
19.648664
19.610399
19.847460
19.612541
19.607079
19.698246
19.820711
19.775723
19.580662
19.697849
19.548571
19.696840
19.673668
19.743780
19.653399
19.673695
19.736372
19.707565
19.631586
19.824623
19.672194
19.729563
19.672903
19.740656
19.626215
19.674782
19.699509
19.535187
19.755987
19.535904
19.664766
19.716681
19.476103
19.706785
19.638321
19.574184
19.585270
19.589296
19.648394
19.600040
19.577282
19.672894
19.643848
19.644148
19.658022
19.601160
19.592501
19.611477
19.718899
19.718538
19.576473
19.604982
19.654884
19.730022
19.533012
19.651554
19.553905
19.681011
19.720974
19.684929
19.623600
19.785860
19.631117
19.713644
19.585609
19.608391
19.668911
19.620285
19.604029
19.609505
19.675713
19.758032
19.735722
19.717442
19.760380
19.628414
19.554274
19.670769
19.782570
19.691484
19.657124
19.618792
19.820488
19.739754
19.772711
19.593061
19.754536
19.632105
19.788519
19.668215
19.557446
19.676153
19.545607
19.753485
19.635046
19.576628
19.742466
19.684322
19.676712
19.536428
19.754255
19.518282
19.677141
19.510109
19.687962
19.634298
19.569384
19.607471
19.668776
19.594761
19.670303
19.579653
19.714941
19.664125
19.642471
19.685837
19.679148
19.520555
19.803831
19.774912
19.556715
19.630260
19.619909
19.666063
19.627426
19.714121
19.758848
19.639462
19.699261
19.478403
19.591242
19.564625
19.745489
19.651207
19.498474
19.664949
19.673622
19.650925
19.742893
19.659245
19.718597
19.720894
19.766195
19.618597
19.735929
19.726007
19.668564
19.757826
19.653130
19.663921
19.728735
19.747725
19.609713
19.641972
19.789215
19.700918
19.481316
19.572731
19.628422
19.644285
19.663116
19.585743
19.578121
19.775103
19.620951
19.748091
19.743008
19.722027
19.712942
19.639957
19.667864
19.637684
19.751978
19.608742
19.554911
19.761215
19.666153
19.669434
19.752659
19.846073
19.643770
19.807661
19.693430
19.722704
19.661133
19.603237
19.552828
19.824537
19.617168
19.612194
19.662348
19.765652
19.608215
19.692513
19.701519
19.682980
19.781019
19.708906
19.523821
19.742723
19.756016
19.710730
19.515028
19.828812
19.760357
19.762222
19.719051
19.681707
19.718567
19.606871
19.546274
19.713551
19.578300
19.679125
19.735104
19.692472
19.744961
0.063805
0.359267
0.802636
1.206136
1.700423
2.303581
2.777378
3.383557
4.232085
4.911268
5.856355
6.411268
-0.167728
0.117769
0.447546
0.888405
1.321574
1.716259
2.073478
2.861324
3.265080
4.042550
4.743526
5.745308
6.245093
7.035891
7.679834
7.970060
8.198953
8.672408
9.274203
9.420300
10.036966
10.380795
11.065765
11.878360
12.651776
13.237493
13.659633
14.310325
14.987152
15.536878
16.065165
16.397902
16.310637
16.730495
17.481575
17.235607
17.177788
17.445993
17.438765
17.550566
17.414358
17.639456
17.417919
17.585459
17.911627
17.880714
17.632818
17.718824
17.900114
17.801687
17.796640
17.954685
18.022465
18.016409
17.797266
18.124821
18.134453
18.096037
17.726683
17.983484
18.228313
17.851418
17.859438
18.051523
17.990395
17.750551
18.089512
18.122465
18.457220
18.064165
18.275667
18.259321
18.099466
18.189520
18.213219
18.327702
18.212376
18.091265
18.197668
18.333242
18.373035
18.052105
18.125368
18.192923
18.614929
18.604853
18.143045
18.199778
18.256496
18.148891
18.259138
18.649321
18.505743
18.127264
18.434332
18.360863
18.124485
18.236988
18.550304
18.463072
18.477621
18.302835
18.385363
18.398157
18.357645
18.273165
18.473875
18.669121
18.810953
18.773613
18.373343
18.357000
18.536982
18.390562
18.653719
18.868259
18.818094
18.826414
18.770031
18.597195
18.682856
18.605019
18.835400
18.779140
18.716188
18.728617
18.823811
18.624657
18.776867
18.786556
18.677889
18.795433
18.762304
18.830484
18.907763
18.983801
18.907484
18.883669
18.829542
18.642363
18.688148
18.792364
18.716402
18.919289
18.877638
18.851007
18.952793
18.984148
19.072138
19.109398
18.914766
18.969784
18.900923
18.969332
18.966331
19.053492
18.844753
19.085423
19.014748
19.013067
18.860512
18.873695
18.925886
19.057259
18.996309
18.962282
18.927668
19.207443
19.186106
18.986246
18.823889
19.038607
19.041353
19.089066
19.057819
19.007998
18.983379
18.988571
18.953596
18.896570
19.234602
19.126410
19.079895
19.097971
19.090397
18.866066
19.201414
19.278643
19.157808
19.073883
18.986555
18.966551
18.848087
19.081364
19.213505
19.223677
19.229839
19.170168
19.211813
18.946875
19.108681
19.220697
19.243948
19.150242
19.085508
19.301039
19.291376
19.037434
19.047358
19.144863
19.050627
19.173986
19.114986
19.238949
19.299253
19.107981
19.145109
19.268438
19.325180
19.319899
19.439722
19.344215
19.401953
19.319590
19.280014
19.183647
19.234215
19.207739
19.187223
19.049913
19.334867
19.324476
19.299368
19.278028
19.339691
19.200569
19.582750
19.253410
19.145164
19.367710
19.294481
19.319490
19.299883
19.244516
19.577785
19.564152
19.486649
19.506069
19.275766
19.393682
19.399313
19.315235
19.318336
19.528860
19.530165
19.253157
19.336193
19.537968
19.351892
19.502321
19.510199
19.356535
19.431894
19.534706
19.423222
19.276886
19.360653
19.579596
19.489962
19.425871
19.362606
19.301527
19.612053
19.525040
19.562372
19.379812
19.425241
19.457850
19.446171
19.349388
19.484325
19.512323
19.382496
19.359070
19.482780
19.370523
19.591242
19.540781
19.475748
19.427818
19.498856
19.554329
19.475256
19.445179
19.386831
19.465393
19.571043
19.648512
19.397617
19.530548
19.524557
19.634823
19.532913
19.572540
19.545542
19.281199
19.508440
19.652605
19.402496
19.565445
19.610678
19.598698
19.320312
19.411819
19.719978
19.490126
19.530613
19.494089
19.458511
19.642298
19.469580
19.580969
19.418505
19.522879
19.666950
19.723629
19.514055
19.564663
19.415533
19.545238
19.608074
19.780991
19.602367
19.604599
19.497160
19.719337
19.652262
19.594290
19.509422
19.788755
19.407446
19.532997
19.652050
19.455408
19.639515
19.674040
19.685282
19.684631
19.495808
19.670212
19.737988
19.679058
19.687937
19.594572
19.814459
19.560110
19.554125
19.642937
19.504398
19.716591
19.664141
19.701138
19.597609
19.707422
19.735004
19.537651
19.850595
19.585215
19.617487
19.576761
19.817148
19.669773
19.723375
19.594988
19.584707
19.641251
19.654324
19.571501
19.583376
19.643896
19.375458
19.590012
19.633429
19.751595
19.813246
19.639875
19.556898
19.617958
19.701418
19.470840
19.743801
19.606449
19.576384
19.652613
19.608812
19.587782
19.661539
19.455582
19.642059
19.395243
19.520950
19.523067
19.794853
19.622549
19.656250
19.690781
19.433111
19.649837
19.764977
19.625441
19.766100
19.610214
19.625790
19.770559
19.581984
19.667683
19.722084
19.573393
19.533442
19.667562
19.611023
19.818426
19.570505
19.815172
19.851532
19.642925
19.723209
19.740480
19.656246
19.708914
19.594429
19.799465
19.575054
19.496582
19.810848
19.611908
19.723927
19.748024
19.503380
19.625654
19.501961
19.679659
19.534216
19.667482
19.703106
19.708694
19.665245
19.806488
19.580458
19.558325
19.727228
19.767000
19.561460
19.445217
19.774746
19.647404
19.490080
19.658371
19.510008
19.608725
19.595308
19.598078
19.629742
19.736876
19.527477
19.626575
19.690359
19.692137
19.509432
19.595089
19.613874
19.681656
19.655874
19.760172
19.654182
19.539885
19.756258
19.738165
19.531429
19.710451
19.649714
19.739552
19.643082
19.704315
19.598738
19.682215
19.576159
19.789654
19.578527
19.677473
19.538767
19.785894
19.606886
19.772465
19.653511
19.746340
19.712294
19.643950
19.605301
19.631563
19.659758
19.660200
19.605677
19.605318
19.640625
19.751726
19.728352
19.644426
19.848352
19.476723
19.778570
19.741678
19.680880
19.660387
19.685213
19.602566
19.687172
19.639568
19.687830
19.669313
19.705357
19.705828
19.687199
19.571533
19.786652
19.558710
19.698410
19.544451
19.647295
19.709089
19.470516
19.725460
19.831438
19.668703
19.813377
19.508442
19.525015
19.800196
19.518585
19.783791
19.699505
19.710543
19.556053
19.703566
19.794313
19.734631
19.694128
19.591164
19.455059
19.617306
19.479994
19.631243
19.503384
19.472872
19.588934
19.720533
19.523418
19.757027
19.783991
19.587339
19.509583
19.554636
19.835157
19.605738
19.638100
19.624336
19.677378
19.660095
19.715719
19.495792
19.778711
19.542360
19.731024
19.438625
19.533726
19.763708
19.557970
19.673885
19.441347
19.610291
19.701786
19.715744
19.583382
19.595692
19.698742
19.656700
19.504417
19.704243
19.628847
19.563765
19.705067
19.688383
19.588629
19.582880
19.610203
19.598293
19.601496
19.628723
19.587269
19.583160
19.758484
19.686161
19.574215
19.681007
19.658031
19.605791
19.648813
19.691355
19.597424
19.624222
19.630161
19.566717
19.604570
19.503687
19.719017
19.483801
19.606043
19.610670
19.522045
19.589687
19.532764
19.502707
19.468758
19.596205
19.723883
19.579624
19.734961
19.596542
19.719425
19.598473
19.538042
19.737783
19.762047
19.595427
19.802813
19.574396
19.782282
19.731031
19.594597
19.667133
19.415388
19.665361
19.645937
19.745497
19.657629
19.705685
19.526569
19.731533
19.565283
19.627527
19.793806
19.801008
19.764462
19.676632
19.562809
19.394871
19.706017
19.561550
19.663691
19.756615
19.646547
19.690886
19.610155
19.688395
19.703426
19.779905
19.490641
19.574474
19.761230
19.545574
19.697947
19.584030
19.600712
19.827387
19.650618
19.670309
19.765074
19.666531
19.671883
19.541391
19.606813
19.869886
19.530575
19.504745
19.595020
19.671387
19.543509
19.674164
19.643887
19.676924
19.709578
19.738655
19.565769
19.637333
19.563784
19.638136
19.801022
19.543499
19.753239
19.578058
19.631168
19.591368
19.612139
19.570807
19.406853
19.752001
19.485809
19.365910
19.727320
19.475492
19.591835
19.670902
19.732613
19.750465
19.781635
19.607836
19.615005
19.740396
19.600733
19.583134
19.500404
19.676622
19.560133
19.670012
19.662172
19.576342
0.000305
0.247831
0.611709
0.999531
1.480789
1.894688
2.477806
3.081331
3.807937
4.572839
5.049531
6.008668
6.622279
7.241586
7.601815
8.134543
8.414195
8.975231
9.457418
9.840663
10.411115
10.826841
11.080988
11.772392
12.379548
13.226309
14.121718
14.542206
15.017967
15.568967
15.891536
15.972390
16.285688
16.617441
16.713705
16.787075
17.212343
17.233988
17.063227
17.519230
17.625084
17.352373
17.519184
17.455320
17.643429
17.746490
17.574152
17.809980
17.873428
17.826731
17.958498
18.110275
17.908594
17.898018
17.759296
17.958284
18.066177
17.982948
17.948965
17.941515
18.152470
18.381275
18.254648
18.081402
18.193033
18.305696
18.100052
18.031183
18.287344
18.003012
18.285912
18.144953
18.214539
18.041388
18.012363
18.110701
18.141132
18.196047
18.061323
18.098087
18.312056
18.331726
18.175243
18.327372
18.525866
18.475851
18.182766
18.266720
18.315519
18.368355
18.506536
18.401073
18.394411
18.361158
18.308033
18.326853
18.502417
18.182781
18.376387
18.269270
18.358715
18.323603
18.312458
18.036106
18.119049
18.255501
18.363279
18.200651
18.549957
18.670273
18.496466
18.716881
18.328707
18.421928
18.441988
18.535118
18.606482
18.724272
18.659300
18.641106
18.652966
18.267277
18.563581
18.573137
18.546961
18.564001
18.602341
18.671535
18.729874
18.831587
18.809650
18.626064
18.623344
18.583534
18.598488
18.504719
18.498730
18.748226
18.614784
18.833719
18.793875
18.639570
18.765715
18.804605
18.816418
18.844723
18.794044
19.077976
18.778770
18.900684
18.778652
18.649418
18.775366
18.910372
19.089970
18.991444
18.938313
18.822918
18.816820
18.820757
18.680128
18.857702
18.702639
18.686155
18.746340
18.893333
18.942236
18.994785
18.927929
18.741674
18.827261
19.098238
19.013758
18.788580
18.926617
18.846100
18.889557
18.855238
18.960825
18.847790
18.851957
18.894960
19.041929
18.988029
19.098133
18.966867
19.047140
19.079845
18.915054
18.950691
18.980318
18.799442
19.061148
19.129047
19.169373
19.130196
19.028004
18.975969
19.043049
18.853079
18.900122
19.096857
19.010147
19.075083
19.203379
19.285669
19.116539
18.969734
19.024321
19.063066
18.911703
19.014622
19.131538
19.142223
19.179564
19.076017
19.066574
18.962051
19.066433
19.094673
18.868711
19.091410
19.118679
19.183584
19.170675
19.122660
19.252903
19.033772
19.124367
19.008511
19.116953
19.289024
19.197828
19.163298
19.021122
19.121935
19.278933
19.461239
19.178417
19.232634
19.319180
19.241783
19.205585
19.140368
19.369528
19.329266
19.210669
19.292240
19.315788
19.336840
19.276052
19.401711
19.472801
19.271654
19.494617
19.401068
19.299990
19.379990
19.428049
19.453772
19.464106
19.217930
19.216211
19.243843
19.306730
19.381235
19.363659
19.453129
19.465754
19.243584
19.425844
19.517038
19.503733
19.440775
19.219372
19.406069
19.613567
19.485022
19.454391
19.435238
19.463007
19.564419
19.509254
19.559965
19.400116
19.536064
19.600090
19.579977
19.564596
19.565739
19.623335
19.297905
19.461575
19.569014
19.546293
19.536488
19.650059
19.505690
19.595507
19.441301
19.518234
19.460531
19.445566
19.679182
19.343494
19.371754
19.576059
19.555651
19.545839
19.701733
19.569372
19.497984
19.446159
19.484737
19.626879
19.644424
19.490829
19.495949
19.506578
19.645641
19.466864
19.612803
19.461908
19.598063
19.543678
19.638538
19.421322
19.513624
19.449337
19.656301
19.584660
19.613302
19.599516
19.536726
19.459255
19.719461
19.501991
19.527300
19.597504
19.508339
19.649475
19.510303
19.579277
19.587751
19.558750
19.614758
19.640511
19.589025
19.645679
19.545795
19.593729
19.658794
19.487488
19.631634
19.711899
19.500372
19.583769
19.677898
19.818680
19.656376
19.592499
19.613333
19.597206
19.684647
19.688562
19.637211
19.603048
19.706205
19.542458
19.580561
19.564095
19.542156
19.642220
19.551001
19.609270
19.547361
19.667076
19.722013
19.561892
19.574024
19.630672
19.691641
19.618942
19.657515
19.727493
19.646954
19.564730
19.733641
19.694216
19.584000
19.688995
19.613115
19.670391
19.657425
19.631569
19.602402
19.574024
19.699976
19.524855
19.744488
19.732815
19.601040
19.623356
19.557226
19.555403
19.683136
19.555227
19.512348
19.693119
19.637877
19.634163
19.638918
19.693792
19.510794
19.677391
19.576752
19.517796
19.575695
19.688589
19.686766
19.742865
19.614101
19.679035
19.536705
19.660410
19.671612
19.557531
19.738012
19.577620
19.638638
19.721243
19.714590
19.478977
19.756468
19.596302
19.811892
19.603485
19.466450
19.699406
19.659809
19.787239
19.791700
19.658943
19.666985
19.568558
19.595798
19.537046
19.483402
19.718750
19.721037
19.623816
19.556093
19.630133
19.729891
19.618656
19.535797
19.705982
19.542917
19.666203
19.589802
19.591265
19.571369
19.769644
19.718811
19.622581
19.590399
19.611874
19.698547
19.638075
19.695875
19.729687
19.795788
19.621988
19.751114
19.509750
19.621567
19.764803
19.760078
19.625490
19.623789
19.583969
19.738693
19.552641
19.690147
19.614450
19.684126
19.680061
19.632277
19.780855
19.407160
19.567051
19.559088
19.445667
19.539122
19.504332
19.702316
19.696341
19.677080
19.510839
19.660566
19.574610
19.592188
19.623384
19.506086
19.662767
19.655699
19.679085
19.602777
19.568151
19.608000
19.619423
19.561201
19.558254
19.546516
19.709669
19.686619
19.466696
19.654051
19.674255
19.455082
19.660852
19.596430
19.432758
19.660135
19.541225
19.658697
19.575529
19.623117
19.555698
19.569527
19.572025
19.775957
19.625113
19.631079
19.544317
19.503984
19.460627
19.477327
19.415550
19.519224
19.704243
19.675934
19.450254
19.604876
19.750608
19.595730
19.484655
19.568390
19.512999
19.582829
19.550703
19.471607
19.532864
19.408545
19.552465
19.643238
19.744421
19.609695
19.475632
19.556946
19.412424
19.772112
19.595833
19.641497
19.695881
19.476442
19.645294
19.787994
19.563126
19.661535
19.549992
19.576063
19.538633
19.658661
19.747860
19.585125
19.500555
19.562489
19.489351
19.654205
19.628672
19.587996
19.636850
19.482109
19.514006
19.737534
19.590809
19.496082
19.726200
19.592157
19.631952
19.655136
19.595955
19.571697
19.678532
19.502729
19.607437
19.639738
19.676849
19.632961
19.458992
19.544542
19.658489
19.619553
19.546289
19.702599
19.712528
19.725721
19.525585
19.620377
19.640884
19.604666
19.558977
19.604437
19.695801
19.666311
19.537624
19.624214
19.623613
19.561598
19.583393
19.777483
19.564026
19.688793
19.618778
19.574663
19.672358
19.559914
19.560593
19.640141
19.534029
19.456709
19.533960
19.586870
19.585882
19.716738
19.632866
19.600712
19.771976
19.503742
19.514277
19.602451
19.738461
19.759676
19.710058
19.485210
19.483049
19.658751
19.716717
19.627256
19.684849
19.597910
19.741077
19.623718
19.480961
19.620827
19.656284
19.593039
19.665749
19.539309
19.559454
19.649918
19.716394
19.530306
19.758638
19.485548
19.487276
19.699665
19.553133
19.711624
19.732801
19.399527
19.585741
19.568079
19.694344
19.717808
19.612005
19.597141
19.556616
19.473919
19.705215
19.568785
19.651094
19.643518
19.664558
19.586023
19.695992
19.604570
19.631691
19.705229
19.568529
19.651695
19.691626
19.438614
19.778637
19.524305
19.723703
19.610954
19.751751
19.605606
19.457438
19.538877
19.522566
19.634109
19.669363
19.559351
19.554209
19.655355
19.457283
19.630573
19.777431
19.582355
19.559256
19.485132
19.547842
19.640305
19.712786
19.661283
19.663002
19.606447
19.686264
19.549335
19.586433
19.709641
19.618372
19.705801
19.693865
19.544722
19.684071
19.691206
19.682993
19.797873
19.660057
19.634739
19.659332
19.618858
19.689066
19.694672
19.713039
19.705402
19.636660
19.652071
19.760149
19.619465
19.442060
19.579098
19.676365
19.556297
19.587774
19.671417
19.724524
19.731871
19.598667
19.731182
19.790300
19.572676
19.628147
19.703238
19.635813
19.560226
19.533562
19.671497
19.577721
19.666031
19.569780
19.527220
19.570253
19.720119
19.593782
19.664331
19.779184
19.640297
19.677898
19.589277
19.685148
19.672571
19.608629
19.611696
19.768461
19.482933
19.795303
19.688246
19.464411
19.470804
19.724375
-0.139965
-0.387997
-0.666379
-1.049856
-1.521844
-1.985242
-2.583049
-3.134896
-4.000287
-4.687358
-5.672093
-6.238250
-7.218193
-8.508168
-9.565386
-11.033338
-12.294615
-13.565744
-15.688164
-17.199604
-17.908287
-19.963614
-20.660707
-22.071091
-22.529751
-21.037832
-19.692961
-18.642159
-17.295820
-15.367291
-14.066873
-12.901959
-11.307321
-10.232364
-8.933228
-7.924617
-7.249238
-5.979902
-4.968819
-3.963072
-3.047368
-2.438146
-1.253316
-0.705744
-0.027067
0.496304
1.248426
2.141926
2.469524
3.196795
3.915992
4.073070
4.529044
5.088074
4.845758
5.486967
6.177070
6.121033
6.445031
7.023500
7.433051
7.408756
7.491407
7.963704
7.731413
7.417064
7.844151
8.021726
8.279901
8.050605
8.724242
8.791558
8.948855
8.618147
8.873345
9.058151
9.100998
9.750932
9.968539
9.550473
10.276361
9.865271
10.212709
9.883917
9.942069
10.317616
10.873588
11.054963
10.867707
10.283133
10.438534
10.656081
10.827004
10.573917
10.998228
10.569843
11.195046
11.235017
11.172986
10.973345
11.252914
10.844007
11.009272
10.841707
11.128791
10.743213
11.343619
11.347719
10.963737
11.300275
11.551862
11.912607
11.861436
11.958057
12.115823
12.251272
12.148691
12.205229
11.989569
12.317252
12.753465
12.643477
12.739944
12.383018
12.769291
12.290866
12.986504
12.560276
12.778941
12.751970
13.038985
13.459623
13.675633
13.233662
13.544292
13.506278
12.746836
12.930658
13.241584
12.776816
12.994457
12.638922
13.519535
13.837694
13.785975
13.923636
13.167805
14.061572
13.894257
14.613619
14.036724
14.047896
14.367230
14.670133
14.309266
14.666806
14.369090
14.257078
14.276181
13.139722
13.667531
14.319978
13.752785
13.805203
13.858334
13.866123
14.162479
14.129431
14.214641
14.347301
14.246005
14.284413
14.422602
14.596238
13.947477
13.800445
13.622482
13.904502
13.451180
14.341911
14.437429
14.259129
14.483786
13.908810
14.236813
14.351762
13.694999
13.905176
14.336394
14.716709
13.893328
13.853727
14.411160
14.639616
14.762056
14.392923
14.123235
14.281549
14.224904
14.598598
14.324593
14.223551
14.383553
14.126899
13.977571
14.412114
14.899148
14.803730
14.539592
14.199883
14.944610
14.518327
14.763676
14.665328
14.503635
15.206258
14.442472
14.666542
14.474645
14.847645
14.520385
15.022512
14.767926
15.264065
15.084825
15.033343
15.092259
15.085855
15.306541
14.831839
14.576137
14.648690
15.016383
15.121452
14.720358
14.723525
15.072949
15.064770
14.934325
15.388962
15.258333
14.332027
15.179459
14.557248
15.121558
14.528052
15.350985
15.013452
15.688685
15.900433
15.659232
15.864553
16.124311
15.639414
15.826662
15.793539
16.035412
16.072786
15.616343
15.891383
15.786732
15.375251
15.442912
15.605777
15.729342
15.905332
15.786961
16.039196
15.880039
16.351267
15.712136
16.195068
16.030596
16.360794
16.165129
15.513505
15.775577
16.087852
15.941513
16.603239
15.916064
16.507265
16.256264
16.990702
16.032845
16.022181
16.347353
16.534555
16.672148
16.598972
16.639030
16.841394
16.418066
16.618610
16.648827
16.700859
16.899961
16.622845
16.453150
17.376844
17.248310
17.230370
16.968895
16.664476
16.689013
16.665110
17.540258
16.887367
16.792942
16.831289
16.725855
16.683981
16.812641
16.694099
17.042273
16.537054
16.931129
16.943016
16.604355
16.734217
16.730865
16.831160
16.885098
16.889515
16.671955
16.612270
17.005598
16.754093
16.676725
16.609268
16.951120
16.794737
17.062016
17.517288
17.374153
17.117332
17.460043
17.064892
17.371075
16.686007
17.092703
17.077965
17.145247
17.228361
16.945086
17.056946
17.085232
17.238262
17.413618
17.411482
17.274242
17.237946
17.581705
17.349657
17.383223
17.127625
17.441118
17.605070
17.826996
17.505373
17.060659
17.460602
17.820663
17.532759
17.594961
17.525972
17.720034
17.713167
18.199409
17.670708
17.842731
17.699673
17.777046
17.292437
17.769215
17.956684
17.887861
17.745832
17.771357
17.863907
17.670742
17.401257
17.203220
17.362732
17.472872
17.685183
17.673695
17.693224
17.812586
17.916023
17.776405
17.739620
17.715158
17.609684
18.193602
17.638567
17.621595
17.722816
17.973745
18.124657
17.946451
18.087831
17.537695
17.662579
17.759886
18.087618
18.112402
17.919991
17.812922
17.711937
17.604090
17.760885
17.976824
18.258661
17.782057
17.984282
18.076612
17.958809
18.058867
17.672636
17.521774
17.925833
18.090847
18.180578
18.584946
18.313280
18.516058
18.311415
18.060148
18.265919
18.218250
18.528202
17.864372
17.942457
18.075825
18.112591
18.238407
17.720928
17.959818
18.010052
18.133030
18.378597
18.095219
18.330723
18.606005
18.014013
18.450706
18.457575
18.509659
18.456236
18.309063
18.419708
18.223402
18.103796
18.285454
18.039375
18.138613
17.866949
17.552965
17.574785
18.074013
18.196714
18.039349
18.398109
17.785887
18.139851
17.959497
17.921871
17.699625
18.254942
18.006992
17.742809
18.092678
18.007771
18.264383
18.139738
18.109531
18.427176
18.291258
18.465851
18.378765
18.369007
18.284937
18.500950
18.368965
18.361511
18.405989
18.464796
18.535959
18.486851
18.009668
17.989668
18.111223
18.018593
18.131351
18.353617
18.116299
17.992403
18.316896
18.488680
18.141695
18.607092
18.445681
18.643763
18.576445
18.630354
18.672977
18.529285
18.780613
18.568796
18.737391
18.237946
18.467211
18.405195
18.091221
18.479002
18.370945
18.564562
18.632021
18.602512
18.545378
18.582523
18.703632
18.777515
18.665152
18.331488
18.612391
18.357800
18.352528
18.521793
18.852497
18.312868
18.411751
18.364256
18.638645
18.655796
18.826485
18.761707
18.749779
18.579144
18.478357
18.649929
18.412624
18.624512
18.330433
18.178871
18.395573
18.208002
18.580563
18.865234
18.369976
18.591309
18.646187
18.516888
18.681808
18.672398
18.418848
18.384151
18.573658
18.569492
18.640587
18.382841
18.464762
18.494434
18.247231
18.302473
18.397581
18.662270
18.447582
18.441055
18.494448
18.608938
18.473688
18.246254
18.609840
18.411840
18.559216
18.615387
18.762394
18.482912
18.260937
18.251896
18.209988
18.470129
18.312195
18.266933
18.443998
18.697231
18.181789
18.191862
18.375368
18.494730
18.446363
18.416153
